0 0.3894230769230769 0.08533653846153846 0.490234375 0.1560997596153846
0 0.8978365384615384 0.32572115384615385 0.19951923076923078 0.2283653846153846
0 0.19471153846153846 0.4266826923076923 0.3464543269230769 0.34825721153846156
0 0.734375 0.06009615384615385 0.19471153846153846 0.1201923076923077
0 0.9783653846153846 0.6586538461538461 0.04296875 0.27869591346153844
0 0.15745192307692307 0.21875 0.31490384615384615 0.10576923076923077
0 0.65625 0.6574519230769231 0.48091947115384615 0.25240384615384615
0 0.9519230769230769 0.9122596153846154 0.09134615384615384 0.12259615384615384
0 0.96875 0.07932692307692307 0.057692307692307696 0.09615384615384616
0 0.18269230769230768 0.7007211538461539 0.23587740384615385 0.23753004807692307
0 0.6838942307692307 0.3894230769230769 0.25255408653846156 0.21153846153846154