0 0.8040865384615384 0.1875 0.3916766826923077 0.08653846153846154
0 0.16346153846153846 0.953125 0.3269230769230769 0.09359975961538461
0 0.796875 0.9230769230769231 0.18028846153846154 0.14903846153846154
0 0.8076923076923077 0.8449519230769231 0.22145432692307693 0.22325721153846154
0 0.4987980769230769 0.2247596153846154 0.33924278846153844 0.33924278846153844
0 0.43990384615384615 0.5240384615384616 0.6772836538461539 0.6736778846153846
0 0.7788461538461539 0.39903846153846156 0.27388822115384615 0.27403846153846156
0 0.04927884615384615 0.055288461538461536 0.0985576923076923 0.11057692307692307
0 0.32211538461538464 0.09495192307692307 0.23557692307692307 0.18990384615384615
0 0.32572115384615385 0.32211538461538464 0.06505408653846154 0.6104266826923077
0 0.9326923076923077 0.3161057692307692 0.019381009615384616 0.05033052884615385