0 0.040865384615384616 0.3545673076923077 0.08173076923076923 0.28140024038461536
0 0.33653846153846156 0.09615384615384616 0.134765625 0.1346153846153846
0 0.8641826923076923 0.3401442307692308 0.2692307692307692 0.6802884615384616
0 0.17908653846153846 0.10817307692307693 0.21875 0.21634615384615385
0 0.48197115384615385 0.10697115384615384 0.16105769230769232 0.16105769230769232
0 0.4795673076923077 0.8221153846153846 0.19230769230769232 0.19200721153846154
0 0.5252403846153846 0.5120192307692307 0.12770432692307693 0.12935697115384615
0 0.5865384615384616 0.2608173076923077 0.048227163461538464 0.19486177884615385
0 0.7331730769230769 0.05048076923076923 0.12980769230769232 0.10096153846153846
0 0.6634615384615384 0.8149038461538461 0.10081129807692307 0.1006610576923077
0 0.9338942307692307 0.6574519230769231 0.12740384615384615 0.22355769230769232