0 0.796875 0.12740384615384615 0.30528846153846156 0.2548076923076923
0 0.90625 0.9639423076923077 0.08653846153846154 0.0673076923076923
0 0.41466346153846156 0.8798076923076923 0.4977463942307692 0.07662259615384616
0 0.3581730769230769 0.22716346153846154 0.24489182692307693 0.24293870192307693
0 0.3641826923076923 0.9170673076923077 0.19471153846153846 0.16105769230769232
0 0.39302884615384615 0.5576923076923077 0.6325120192307693 0.6346153846153846
0 0.09254807692307693 0.24158653846153846 0.18494591346153846 0.4831730769230769
0 0.03125 0.10216346153846154 0.0625 0.20432692307692307
0 0.9447115384615384 0.3125 0.10576923076923077 0.12980769230769232
0 0.7944711538461539 0.27403846153846156 0.031099759615384616 0.23106971153846154
0 0.6923076923076923 0.27283653846153844 0.2692307692307692 0.27133413461538464
0 0.7836538461538461 0.47596153846153844 0.10576923076923077 0.13927283653846154