0 0.9651442307692307 0.6814903846153846 0.0673076923076923 0.12259615384615384
0 0.8713942307692307 0.8810096153846154 0.17067307692307693 0.17067307692307693
0 0.796875 0.7007211538461539 0.27674278846153844 0.2765925480769231
0 0.671875 0.9519230769230769 0.6560997596153846 0.09149639423076923
0 0.9098557692307693 0.5228365384615384 0.18013822115384615 0.10321514423076923
0 0.9254807692307693 0.37740384615384615 0.14873798076923078 0.08653846153846154
0 0.9891826923076923 0.1778846153846154 0.019230769230769232 0.32677283653846156
0 0.6995192307692307 0.5348557692307693 0.2403846153846154 0.17052283653846154
0 0.8653846153846154 0.11658653846153846 0.23046875 0.21153846153846154
0 0.9471153846153846 0.4723557692307692 0.10546875 0.3076923076923077
0 0.6923076923076923 0.27403846153846156 0.34585336538461536 0.19696514423076922
0 0.42427884615384615 0.06610576923076923 0.38461538461538464 0.10096153846153846
0 0.1141826923076923 0.19230769230769232 0.2283653846153846 0.14918870192307693
0 0.12259615384615384 0.22355769230769232 0.24504206730769232 0.33158052884615385
0 0.3894230769230769 0.49038461538461536 0.18719951923076922 0.1873497596153846
0 0.33533653846153844 0.5805288461538461 0.6706730769230769 0.7283653846153846