0 0.796875 0.10216346153846154 0.4014423076923077 0.20432692307692307
0 0.90625 0.9735576923076923 0.11553485576923077 0.052584134615384616
0 0.41466346153846156 0.8665865384615384 0.29086538461538464 0.2620192307692308
0 0.3581730769230769 0.22716346153846154 0.40384615384615385 0.083984375
0 0.3641826923076923 0.9338942307692307 0.2570612980769231 0.12980769230769232
0 0.39302884615384615 0.5576923076923077 0.7860576923076923 0.48106971153846156
0 0.09254807692307693 0.24158653846153846 0.18494591346153846 0.4831730769230769
0 0.03125 0.10216346153846154 0.0625 0.20432692307692307
0 0.9579326923076923 0.3125 0.052884615384615384 0.20658052884615385
0 0.7944711538461539 0.27403846153846156 0.13176081730769232 0.13401442307692307
0 0.6923076923076923 0.27283653846153844 0.10546875 0.43509615384615385
0 0.7836538461538461 0.47596153846153844 0.12439903846153846 0.12064302884615384