0 0.007211538461538462 0.04326923076923077 0.014423076923076924 0.08653846153846154
0 0.040865384615384616 0.12259615384615384 0.08173076923076923 0.24519230769230768
0 0.20793269230769232 0.3762019230769231 0.038461538461538464 0.18028846153846154
0 0.10817307692307693 0.7067307692307693 0.21634615384615385 0.34134615384615385
0 0.7247596153846154 0.49399038461538464 0.45447716346153844 0.3390925480769231
0 0.9975961538461539 0.1935096153846154 0.004657451923076923 0.3727463942307692
0 0.9266826923076923 0.9567307692307693 0.14423076923076922 0.08638822115384616
0 0.7487980769230769 0.8377403846153846 0.15129206730769232 0.32211538461538464
0 0.7788461538461539 0.8822115384615384 0.18269230769230768 0.18239182692307693
0 0.9891826923076923 0.39903846153846156 0.021484375 0.34630408653846156
0 0.8605769230769231 0.2403846153846154 0.17352764423076922 0.17337740384615385