0 0.7091346153846154 0.7560096153846154 0.10591947115384616 0.4833233173076923
0 0.7536057692307693 0.1045673076923077 0.21875 0.2091346153846154
0 0.9110576923076923 0.41947115384615385 0.17307692307692307 0.18509615384615385
0 0.6153846153846154 0.43149038461538464 0.3312800480769231 0.3297776442307692
0 0.49759615384615385 0.6418269230769231 0.24534254807692307 0.24534254807692307
0 0.27884615384615385 0.10336538461538461 0.2932692307692308 0.20673076923076922
0 0.9771634615384616 0.12740384615384615 0.04326923076923077 0.09615384615384616
0 0.036057692307692304 0.057692307692307696 0.07211538461538461 0.08653846153846154
0 0.051682692307692304 0.15625 0.10336538461538461 0.17307692307692307
0 0.6358173076923077 0.8822115384615384 0.7282151442307693 0.047926682692307696
0 0.9867788461538461 0.037259615384615384 0.021634615384615384 0.040865384615384616