0 0.020432692307692308 0.10096153846153846 0.031099759615384616 0.06700721153846154
0 0.4230769230769231 0.14182692307692307 0.09645432692307693 0.052584134615384616
0 0.27403846153846156 0.09975961538461539 0.057692307692307696 0.18043870192307693
0 0.1502403846153846 0.8004807692307693 0.17533052884615385 0.17322716346153846
0 0.48677884615384615 0.9026442307692307 0.20417668269230768 0.125
0 0.2764423076923077 0.40625 0.014573317307692308 0.18254206730769232
0 0.44711538461538464 0.5432692307692307 0.10591947115384616 0.028545673076923076
0 0.9783653846153846 0.5697115384615384 0.043118990384615384 0.048227163461538464
0 0.7475961538461539 0.6682692307692307 0.04341947115384615 0.04326923076923077
0 0.8425480769230769 0.7163461538461539 0.052884615384615384 0.09645432692307693
0 0.7475961538461539 0.8725961538461539 0.043118990384615384 0.24504206730769232
0 0.8353365384615384 0.8665865384615384 0.1875 0.189453125
0 0.25240384615384615 0.7512019230769231 0.023888221153846152 0.06956129807692307
0 0.0829326923076923 0.9170673076923077 0.041015625 0.06490384615384616
0 0.9350961538461539 0.9266826923076923 0.09119591346153846 0.146484375