0 0.34615384615384615 0.28125 0.3508112980769231 0.5525841346153846
0 0.15745192307692307 0.20072115384615385 0.31490384615384615 0.39663461538461536
0 0.0733173076923077 0.7596153846153846 0.1466346153846154 0.18269230769230768
0 0.046875 0.6875 0.09375 0.18269230769230768
0 0.24158653846153846 0.7427884615384616 0.34134615384615385 0.17307692307692307
0 0.17908653846153846 0.27403846153846156 0.19951923076923078 0.5190805288461539
0 0.6682692307692307 0.1045673076923077 0.13446514423076922 0.18043870192307693
0 0.6875 0.4254807692307692 0.2881610576923077 0.2839543269230769
0 0.6778846153846154 0.734375 0.5432692307692307 0.5264423076923077
0 0.3016826923076923 0.9350961538461539 0.6033653846153846 0.1251502403846154
0 0.9939903846153846 0.0673076923076923 0.009615384615384616 0.11568509615384616
0 0.9290865384615384 0.06971153846153846 0.14167668269230768 0.11072716346153846