0 0.8882211538461539 0.06129807692307692 0.15625 0.12259615384615384
0 0.12980769230769232 0.34134615384615385 0.14918870192307693 0.3173076923076923
0 0.44350961538461536 0.018028846153846152 0.05048076923076923 0.036057692307692304
0 0.2980769230769231 0.02403846153846154 0.12034254807692307 0.04807692307692308
0 0.7367788461538461 0.1466346153846154 0.22791466346153846 0.22626201923076922
0 0.8569711538461539 0.12740384615384615 0.2668269230769231 0.2548076923076923
0 0.3545673076923077 0.30288461538461536 0.4015925480769231 0.6057692307692307
0 0.09014423076923077 0.14302884615384615 0.16060697115384615 0.16060697115384615
0 0.33533653846153844 0.9387019230769231 0.07436899038461539 0.06986177884615384
0 0.6153846153846154 0.5961538461538461 0.17307692307692307 0.17322716346153846
0 0.08173076923076923 0.8870192307692307 0.16346153846153846 0.22566105769230768
0 0.421875 0.6286057692307693 0.31986177884615385 0.31971153846153844
0 0.6262019230769231 0.3317307692307692 0.13716947115384615 0.22145432692307693
0 0.6887019230769231 0.8112980769230769 0.166015625 0.1661658653846154
0 0.625 0.9699519230769231 0.07211538461538461 0.055288461538461536
0 0.05889423076923077 0.6862980769230769 0.026442307692307692 0.1778846153846154
0 0.3557692307692308 0.43028846153846156 0.10081129807692307 0.32241586538461536
0 0.9098557692307693 0.7067307692307693 0.17548076923076922 0.3125
0 0.7584134615384616 0.8545673076923077 0.17082331730769232 0.28846153846153844
0 0.8305288461538461 0.38461538461538464 0.08173076923076923 0.22145432692307693
0 0.9038461538461539 0.6298076923076923 0.13401442307692307 0.13010817307692307