0 0.34615384615384615 0.28125 0.3508112980769231 0.5525841346153846
0 0.16826923076923078 0.20072115384615385 0.33653846153846156 0.3581730769230769
0 0.0733173076923077 0.7596153846153846 0.1466346153846154 0.18269230769230768
0 0.003605769230769231 0.6875 0.007211538461538462 0.35096153846153844
0 0.24158653846153846 0.7427884615384616 0.34134615384615385 0.17307692307692307
0 0.18028846153846154 0.27403846153846156 0.3605769230769231 0.3605769230769231
0 0.6682692307692307 0.1045673076923077 0.158203125 0.15670072115384615
0 0.6875 0.4254807692307692 0.30799278846153844 0.26412259615384615
0 0.6778846153846154 0.734375 0.5432692307692307 0.5264423076923077
0 0.3016826923076923 0.875 0.36778846153846156 0.24519230769230768
0 0.9939903846153846 0.0673076923076923 0.009615384615384616 0.11568509615384616
0 0.9290865384615384 0.06971153846153846 0.126953125 0.12545072115384615