0 0.40625 0.6141826923076923 0.42788461538461536 0.3820612980769231
0 0.13701923076923078 0.35216346153846156 0.27403846153846156 0.40625
0 0.8161057692307693 0.32211538461538464 0.36763822115384615 0.23046875
0 0.4362980769230769 0.3245192307692308 0.19996995192307693 0.20177283653846154
0 0.8461538461538461 0.6538461538461539 0.3075420673076923 0.2980769230769231
0 0.8617788461538461 0.9783653846153846 0.25240384615384615 0.04296875
0 0.6286057692307693 0.9459134615384616 0.13221153846153846 0.10336538461538461
0 0.20673076923076922 0.11538461538461539 0.27884615384615385 0.23076923076923078
0 0.5588942307692307 0.08653846153846154 0.1182391826923077 0.11989182692307693
0 0.9038461538461539 0.12139423076923077 0.19200721153846154 0.10802283653846154
0 0.12980769230769232 0.19591346153846154 0.25961538461538464 0.16571514423076922