0 0.8870192307692307 0.04326923076923077 0.22115384615384615 0.08653846153846154
0 0.12980769230769232 0.34134615384615385 0.23512620192307693 0.23137019230769232
0 0.44350961538461536 0.018028846153846152 0.05048076923076923 0.036057692307692304
0 0.2980769230769231 0.03365384615384615 0.08653846153846154 0.0673076923076923
0 0.7367788461538461 0.1466346153846154 0.22791466346153846 0.22626201923076922
0 0.8569711538461539 0.12259615384615384 0.28125 0.24519230769230768
0 0.3545673076923077 0.30288461538461536 0.5028545673076923 0.5045072115384616
0 0.09014423076923077 0.14302884615384615 0.16060697115384615 0.16060697115384615
0 0.33533653846153844 0.9387019230769231 0.07016225961538461 0.07406850961538461
0 0.6153846153846154 0.5961538461538461 0.07211538461538461 0.2741887019230769
0 0.08173076923076923 0.8870192307692307 0.16346153846153846 0.22566105769230768
0 0.421875 0.6286057692307693 0.31986177884615385 0.31971153846153844
0 0.6262019230769231 0.3317307692307692 0.18013822115384615 0.18209134615384615
0 0.6887019230769231 0.8112980769230769 0.166015625 0.1661658653846154
0 0.625 0.9783653846153846 0.09645432692307693 0.03861177884615385
0 0.05889423076923077 0.6862980769230769 0.026442307692307692 0.1778846153846154
0 0.3557692307692308 0.43028846153846156 0.10081129807692307 0.32241586538461536
0 0.9795673076923077 0.7067307692307693 0.038461538461538464 0.5862379807692307
0 0.7584134615384616 0.8545673076923077 0.22881610576923078 0.2286658653846154
0 0.8305288461538461 0.38461538461538464 0.08173076923076923 0.22145432692307693
0 0.9038461538461539 0.6298076923076923 0.11057692307692307 0.15354567307692307