0 0.109375 0.8185096153846154 0.21875 0.2668269230769231
0 0.6766826923076923 0.5264423076923077 0.19426081730769232 0.19245793269230768
0 0.18990384615384615 0.09495192307692307 0.07692307692307693 0.18990384615384615
0 0.08774038461538461 0.25600961538461536 0.06490384615384616 0.18043870192307693
0 0.06850961538461539 0.44471153846153844 0.09134615384615384 0.09134615384615384
0 0.007211538461538462 0.23798076923076922 0.014272836538461538 0.15880408653846154
0 0.07091346153846154 0.07451923076923077 0.14182692307692307 0.14423076923076922
0 0.4495192307692308 0.12259615384615384 0.12995793269230768 0.2403846153846154
0 0.007211538461538462 0.36658653846153844 0.014272836538461538 0.07947716346153846
0 0.26802884615384615 0.8581730769230769 0.057692307692307696 0.08203125
0 0.3088942307692308 0.14903846153846154 0.16120793269230768 0.04341947115384615
0 0.19831730769230768 0.3713942307692308 0.2189002403846154 0.3291766826923077
0 0.7740384615384616 0.028846153846153848 0.15399639423076922 0.052734375
0 0.6586538461538461 0.24639423076923078 0.04296875 0.04131610576923077
0 0.484375 0.2439903846153846 0.08173076923076923 0.05048076923076923
0 0.42788461538461536 0.4074519230769231 0.6490384615384616 0.07692307692307693