0 0.8461538461538461 0.8197115384615384 0.30288461538461536 0.32211538461538464
0 0.5024038461538461 0.44471153846153844 0.25045072115384615 0.2542067307692308
0 0.9651442307692307 0.23798076923076922 0.06490384615384616 0.10096153846153846
0 0.9399038461538461 0.2536057692307692 0.07181490384615384 0.07001201923076923
0 0.9939903846153846 0.0733173076923077 0.007211538461538462 0.1466346153846154
0 0.19471153846153846 0.4519230769230769 0.04807692307692308 0.8703425480769231
0 0.9939903846153846 0.36658653846153844 0.009615384615384616 0.07947716346153846
0 0.5600961538461539 0.6370192307692307 0.03831129807692308 0.052884615384615384
0 0.12139423076923077 0.4675480769230769 0.035757211538461536 0.035757211538461536
0 0.3786057692307692 0.2848557692307692 0.05048076923076923 0.026592548076923076
0 0.3329326923076923 0.328125 0.064453125 0.06460336538461539
0 0.22235576923076922 0.13701923076923078 0.44471153846153844 0.0673076923076923
0 0.75 0.5108173076923077 0.04296875 0.040865384615384616