0 0.48677884615384615 0.8197115384615384 0.5554387019230769 0.07181490384615384
0 0.07091346153846154 0.6826923076923077 0.13251201923076922 0.13431490384615385
0 0.5192307692307693 0.9014423076923077 0.28846153846153844 0.19230769230769232
0 0.14543269230769232 0.8810096153846154 0.29086538461538464 0.0889423076923077
0 0.002403846153846154 0.7007211538461539 0.004807692307692308 0.15129206730769232
0 0.052884615384615384 0.9519230769230769 0.10561899038461539 0.09149639423076923
0 0.13221153846153846 0.5228365384615384 0.2644230769230769 0.10321514423076923
0 0.0673076923076923 0.3786057692307692 0.1346153846153846 0.0889423076923077
0 0.0625 0.1778846153846154 0.125 0.32677283653846156
0 0.37740384615384615 0.4723557692307692 0.7546574519230769 0.3076923076923077
0 0.25961538461538464 0.7848557692307693 0.33653846153846156 0.10576923076923077