0 0.9771634615384616 0.7175480769230769 0.040865384615384616 0.06971153846153846
0 0.5228365384615384 0.125 0.23332331730769232 0.23527644230769232
0 0.7728365384615384 0.3798076923076923 0.14708533653846154 0.14483173076923078
0 0.17908653846153846 0.265625 0.3581730769230769 0.12740384615384615
0 0.23317307692307693 0.9519230769230769 0.46634615384615385 0.08653846153846154
0 0.12139423076923077 0.9891826923076923 0.24278846153846154 0.01697716346153846
0 0.3112980769230769 0.53125 0.4065504807692308 0.4085036057692308
0 0.0829326923076923 0.5865384615384616 0.1658653846153846 0.2644230769230769
0 0.5108173076923077 0.33533653846153844 0.25721153846153844 0.25736177884615385
0 0.9086538461538461 0.20673076923076922 0.18254206730769232 0.16316105769230768
0 0.6153846153846154 0.35216346153846156 0.038461538461538464 0.2091346153846154