0 0.29086538461538464 0.25721153846153844 0.4133112980769231 0.06265024038461539
0 0.38341346153846156 0.8641826923076923 0.34375 0.2668269230769231
0 0.7896634615384616 0.9002403846153846 0.18073918269230768 0.18269230769230768
0 0.8858173076923077 0.3173076923076923 0.11763822115384616 0.26908052884615385
0 0.37259615384615385 0.7307692307692307 0.11072716346153846 0.39438100961538464
0 0.05048076923076923 0.6670673076923077 0.10081129807692307 0.0625
0 0.3701923076923077 0.09615384615384616 0.45688100961538464 0.19230769230769232
0 0.04326923076923077 0.0889423076923077 0.07211538461538461 0.1778846153846154
0 0.038461538461538464 0.25 0.07692307692307693 0.08173076923076923
0 0.7475961538461539 0.38100961538461536 0.16346153846153846 0.04326923076923077
0 0.8629807692307693 0.21394230769230768 0.15384615384615385 0.22596153846153846
0 0.6911057692307693 0.19591346153846154 0.0791766826923077 0.0791766826923077
0 0.38822115384615385 0.36177884615384615 0.15174278846153846 0.15159254807692307
0 0.5913461538461539 0.5612980769230769 0.05814302884615385 0.059945913461538464
0 0.20673076923076922 0.3269230769230769 0.09645432692307693 0.09645432692307693
0 0.006009615384615385 0.36658653846153844 0.01201923076923077 0.021634615384615384
0 0.2860576923076923 0.6081730769230769 0.057692307692307696 0.023888221153846152