0 0.030048076923076924 0.9447115384615384 0.06009615384615385 0.07692307692307693
0 0.48677884615384615 0.7536057692307693 0.13716947115384615 0.3245192307692308
0 0.49399038461538464 0.2283653846153846 0.24759615384615385 0.4567307692307692
0 0.06971153846153846 0.28966346153846156 0.09104567307692307 0.28125
0 0.29086538461538464 0.4206730769230769 0.047926682692307696 0.48587740384615385
0 0.44711538461538464 0.6153846153846154 0.22581129807692307 0.22581129807692307
0 0.7692307692307693 0.6225961538461539 0.30318509615384615 0.3073918269230769
0 0.5120192307692307 0.8978365384615384 0.2548076923076923 0.19951923076923078
0 0.09254807692307693 0.9110576923076923 0.045522836538461536 0.07241586538461539
0 0.7680288461538461 0.8858173076923077 0.07932692307692307 0.22596153846153846
0 0.8137019230769231 0.7007211538461539 0.15625 0.22355769230769232