0 0.013221153846153846 0.046875 0.026442307692307692 0.09375
0 0.06971153846153846 0.5901442307692307 0.13942307692307693 0.31971153846153844
0 0.11298076923076923 0.4230769230769231 0.22596153846153846 0.4326923076923077
0 0.14302884615384615 0.5 0.2860576923076923 0.5240384615384616
0 0.15745192307692307 0.7800480769230769 0.31490384615384615 0.3581730769230769
0 0.19831730769230768 0.20793269230769232 0.16090745192307693 0.41586538461538464
0 0.5528846153846154 0.8954326923076923 0.134765625 0.208984375
0 0.36778846153846156 0.59375 0.07677283653846154 0.5241887019230769
0 0.5540865384615384 0.7391826923076923 0.26186899038461536 0.26186899038461536
0 0.9230769230769231 0.5985576923076923 0.12064302884615384 0.12079326923076923
0 0.8786057692307693 0.9567307692307693 0.07947716346153846 0.08638822115384616
0 0.8966346153846154 0.8870192307692307 0.20192307692307693 0.20673076923076922
0 0.8052884615384616 0.7548076923076923 0.19681490384615385 0.07662259615384616
0 0.7415865384615384 0.9266826923076923 0.12244591346153846 0.12229567307692307
0 0.7079326923076923 0.7596153846153846 0.5096153846153846 0.48046875
0 0.546875 0.3918269230769231 0.4011418269230769 0.3996394230769231