0 0.6045673076923077 0.11538461538461539 0.06505408653846154 0.06715745192307693
0 0.8882211538461539 0.5889423076923077 0.22115384615384615 0.8174579326923077
0 0.3137019230769231 0.17908653846153846 0.026141826923076924 0.026141826923076924
0 0.4230769230769231 0.7127403846153846 0.09630408653846154 0.17307692307692307
0 0.30408653846153844 0.6802884615384616 0.0694110576923077 0.06775841346153846
0 0.5889423076923077 0.7391826923076923 0.10576923076923077 0.10366586538461539
0 0.4423076923076923 0.9110576923076923 0.07211538461538461 0.177734375
0 0.2980769230769231 0.8834134615384616 0.17743389423076922 0.17548076923076922
0 0.7367788461538461 0.8040865384615384 0.16090745192307693 0.3894230769230769
0 0.8353365384615384 0.7740384615384616 0.3245192307692308 0.3701923076923077
0 0.3545673076923077 0.9747596153846154 0.4015925480769231 0.04807692307692308