0 0.109375 0.8185096153846154 0.21875 0.2668269230769231
0 0.6766826923076923 0.5264423076923077 0.19426081730769232 0.19245793269230768
0 0.18990384615384615 0.09495192307692307 0.13431490384615385 0.13251201923076922
0 0.08774038461538461 0.25600961538461536 0.06490384615384616 0.18043870192307693
0 0.06850961538461539 0.44471153846153844 0.0625 0.1201923076923077
0 0.025240384615384616 0.23798076923076922 0.05048076923076923 0.09134615384615384
0 0.06850961538461539 0.0733173076923077 0.13701923076923078 0.1466346153846154
0 0.4495192307692308 0.12259615384615384 0.12995793269230768 0.2403846153846154
0 0.007211538461538462 0.36658653846153844 0.014272836538461538 0.07947716346153846
0 0.26802884615384615 0.8581730769230769 0.06971153846153846 0.07181490384615384
0 0.3088942307692308 0.14903846153846154 0.16120793269230768 0.04341947115384615
0 0.19831730769230768 0.3713942307692308 0.2189002403846154 0.3291766826923077
0 0.7740384615384616 0.040865384615384616 0.10576923076923077 0.08173076923076923
0 0.6586538461538461 0.24639423076923078 0.02403846153846154 0.06024639423076923
0 0.484375 0.2439903846153846 0.06520432692307693 0.06520432692307693
0 0.42788461538461536 0.4074519230769231 0.6490384615384616 0.07692307692307693