0 0.4795673076923077 0.17427884615384615 0.5120192307692307 0.3485576923076923
0 0.015625 0.18870192307692307 0.03125 0.05048076923076923
0 0.057692307692307696 0.8449519230769231 0.11538461538461539 0.06490384615384616
0 0.37740384615384615 0.9675480769230769 0.11553485576923077 0.0625
0 0.040865384615384616 0.39903846153846156 0.08173076923076923 0.10576923076923077
0 0.421875 0.2956730769230769 0.11057692307692307 0.1104266826923077
0 0.14783653846153846 0.23557692307692307 0.2624699519230769 0.26427283653846156
0 0.2247596153846154 0.31971153846153844 0.10096153846153846 0.41856971153846156
0 0.24879807692307693 0.41225961538461536 0.0887920673076923 0.057692307692307696
0 0.9567307692307693 0.5384615384615384 0.08173076923076923 0.09134615384615384
0 0.7235576923076923 0.6057692307692307 0.12484975961538461 0.09600360576923077