0 0.007211538461538462 0.04326923076923077 0.014423076923076924 0.08653846153846154
0 0.0625 0.12379807692307693 0.125 0.1658653846153846
0 0.20793269230769232 0.3762019230769231 0.1084735576923077 0.1084735576923077
0 0.10817307692307693 0.7067307692307693 0.21634615384615385 0.34134615384615385
0 0.7247596153846154 0.49399038461538464 0.3967848557692308 0.3967848557692308
0 0.9975961538461539 0.1935096153846154 0.004657451923076923 0.3727463942307692
0 0.9266826923076923 0.9483173076923077 0.11778846153846154 0.0985576923076923
0 0.7487980769230769 0.8377403846153846 0.23753004807692307 0.23768028846153846
0 0.7788461538461539 0.8822115384615384 0.18269230769230768 0.18239182692307693
0 0.9891826923076923 0.39903846153846156 0.021484375 0.34630408653846156
0 0.8605769230769231 0.2403846153846154 0.03350360576923077 0.31700721153846156