0 0.06610576923076923 0.3545673076923077 0.13221153846153846 0.18509615384615385
0 0.33653846153846156 0.09615384615384616 0.0770733173076923 0.19230769230769232
0 0.8112980769230769 0.3401442307692308 0.37259615384615385 0.47836538461538464
0 0.17908653846153846 0.10576923076923077 0.22355769230769232 0.21138822115384615
0 0.48197115384615385 0.10697115384615384 0.16105769230769232 0.16105769230769232
0 0.4795673076923077 0.8221153846153846 0.2403846153846154 0.14393028846153846
0 0.5252403846153846 0.5120192307692307 0.03125 0.22581129807692307
0 0.5865384615384616 0.2608173076923077 0.048227163461538464 0.19486177884615385
0 0.7331730769230769 0.05048076923076923 0.12980769230769232 0.10096153846153846
0 0.6634615384615384 0.8149038461538461 0.023888221153846152 0.1775841346153846
0 0.9338942307692307 0.6574519230769231 0.12740384615384615 0.22355769230769232