0 0.016826923076923076 0.5733173076923077 0.03365384615384615 0.12740384615384615
0 0.33653846153846156 0.9639423076923077 0.07692307692307693 0.0673076923076923
0 0.39783653846153844 0.6658653846153846 0.20192307692307693 0.5243389423076923
0 0.6814903846153846 0.23918269230769232 0.3484074519230769 0.3487079326923077
0 0.8221153846153846 0.0673076923076923 0.19230769230769232 0.1346153846153846
0 0.9567307692307693 0.8329326923076923 0.08173076923076923 0.15625
0 0.8641826923076923 0.9567307692307693 0.1466346153846154 0.08173076923076923
0 0.8617788461538461 0.5264423076923077 0.2762920673076923 0.32241586538461536
0 0.17908653846153846 0.8293269230769231 0.2815504807692308 0.283203125
0 0.48197115384615385 0.9567307692307693 0.09375 0.08173076923076923
0 0.5949519230769231 0.8209134615384616 0.19501201923076922 0.19486177884615385
0 0.23918269230769232 0.23557692307692307 0.185546875 0.18719951923076922
0 0.7319711538461539 0.8990384615384616 0.1896033653846154 0.1876502403846154
0 0.9831730769230769 0.05048076923076923 0.028846153846153848 0.038461538461538464