0 0.12379807692307693 0.45072115384615385 0.09134615384615384 0.08939302884615384
0 0.33653846153846156 0.5961538461538461 0.16376201923076922 0.12469951923076923
0 0.5745192307692307 0.7764423076923077 0.22626201923076922 0.18254206730769232
0 0.8545673076923077 0.9447115384615384 0.2907151442307692 0.1104266826923077
0 0.640625 0.38341346153846156 0.2958233173076923 0.4831730769230769
0 0.5132211538461539 0.8389423076923077 0.24729567307692307 0.24519230769230768
0 0.9326923076923077 0.296875 0.1063701923076923 0.1083233173076923
0 0.515625 0.5120192307692307 0.07962740384615384 0.08158052884615384
0 0.9350961538461539 0.1502403846153846 0.09119591346153846 0.3004807692307692
0 0.8112980769230769 0.5793269230769231 0.06505408653846154 0.7067307692307693
0 0.9242788461538461 0.6358173076923077 0.0987079326923077 0.43013822115384615