0 0.48677884615384615 0.8197115384615384 0.3147536057692308 0.3125
0 0.07091346153846154 0.6826923076923077 0.13251201923076922 0.13431490384615385
0 0.5192307692307693 0.9495192307692307 0.47611177884615385 0.09630408653846154
0 0.14543269230769232 0.8810096153846154 0.18990384615384615 0.18990384615384615
0 0.021634615384615384 0.7007211538461539 0.04326923076923077 0.07932692307692307
0 0.052884615384615384 0.9495192307692307 0.10096153846153846 0.09615384615384616
0 0.13221153846153846 0.5228365384615384 0.18299278846153846 0.18464543269230768
0 0.0673076923076923 0.3786057692307692 0.11087740384615384 0.11268028846153846
0 0.0889423076923077 0.1778846153846154 0.1778846153846154 0.22596153846153846
0 0.37740384615384615 0.4723557692307692 0.529296875 0.53125
0 0.25961538461538464 0.7848557692307693 0.33653846153846156 0.10576923076923077