0 0.02283653846153846 0.5745192307692307 0.04567307692307692 0.17307692307692307
0 0.11778846153846154 0.8725961538461539 0.17277644230769232 0.17292668269230768
0 0.7692307692307693 0.0829326923076923 0.4567307692307692 0.1658653846153846
0 0.38100961538461536 0.7043269230769231 0.396484375 0.3942307692307692
0 0.5721153846153846 0.30528846153846156 0.23557692307692307 0.2546574519230769
0 0.8401442307692307 0.5228365384615384 0.31490384615384615 0.36778846153846156
0 0.9399038461538461 0.875 0.11538461538461539 0.16346153846153846
0 0.7199519230769231 0.8701923076923077 0.27884615384615385 0.25931490384615385
0 0.08533653846153846 0.41947115384615385 0.17052283653846154 0.10817307692307693
0 0.18509615384615385 0.5913461538461539 0.19215745192307693 0.19215745192307693
0 0.515625 0.9002403846153846 0.15144230769230768 0.1971153846153846
0 0.2692307692307692 0.7271634615384616 0.21168870192307693 0.30063100961538464
0 0.9867788461538461 0.9831730769230769 0.021634615384615384 0.028846153846153848