0 0.40625 0.4987980769230769 0.49474158653846156 0.4930889423076923
0 0.734375 0.84375 0.31971153846153844 0.3076923076923077
0 0.9194711538461539 0.7283653846153846 0.15865384615384615 0.4133112980769231
0 0.17067307692307693 0.2668269230769231 0.15384615384615385 0.07196514423076923
0 0.26322115384615385 0.3004807692307692 0.04567307692307692 0.1873497596153846
0 0.18269230769230768 0.7560096153846154 0.11072716346153846 0.04326923076923077
0 0.06610576923076923 0.7608173076923077 0.08849158653846154 0.08653846153846154
0 0.9350961538461539 0.24278846153846154 0.12950721153846154 0.16856971153846154
0 0.3713942307692308 0.9158653846153846 0.3389423076923077 0.16796875
0 0.3918269230769231 0.6274038461538461 0.13927283653846154 0.07211538461538461
0 0.4879807692307692 0.2956730769230769 0.06219951923076923 0.09119591346153846
0 0.9867788461538461 0.9555288461538461 0.026292067307692308 0.08653846153846154
0 0.027644230769230768 0.23197115384615385 0.055288461538461536 0.055288461538461536