0 0.4795673076923077 0.09134615384615384 0.8365384615384616 0.18269230769230768
0 0.004807692307692308 0.1875 0.009615384615384616 0.08653846153846154
0 0.057692307692307696 0.8449519230769231 0.09104567307692307 0.08924278846153846
0 0.37740384615384615 0.9603365384615384 0.09134615384615384 0.07451923076923077
0 0.04447115384615385 0.39903846153846156 0.0889423076923077 0.09615384615384616
0 0.421875 0.2956730769230769 0.11057692307692307 0.1104266826923077
0 0.14783653846153846 0.23557692307692307 0.2624699519230769 0.26427283653846156
0 0.2247596153846154 0.31971153846153844 0.10096153846153846 0.41856971153846156
0 0.24879807692307693 0.41225961538461536 0.07406850961538461 0.07421875
0 0.9591346153846154 0.5384615384615384 0.08143028846153846 0.09149639423076923
0 0.7235576923076923 0.6057692307692307 0.12484975961538461 0.09600360576923077