0 0.013221153846153846 0.046875 0.026442307692307692 0.09375
0 0.09254807692307693 0.5901442307692307 0.18509615384615385 0.23317307692307693
0 0.008413461538461538 0.4230769230769231 0.016826923076923076 0.8460036057692307
0 0.02283653846153846 0.4987980769230769 0.04567307692307692 0.9975961538461539
0 0.15745192307692307 0.7800480769230769 0.31490384615384615 0.3581730769230769
0 0.19831730769230768 0.20793269230769232 0.28650841346153844 0.28846153846153844
0 0.5528846153846154 0.8954326923076923 0.134765625 0.208984375
0 0.36778846153846156 0.59375 0.07677283653846154 0.5241887019230769
0 0.5540865384615384 0.7391826923076923 0.26186899038461536 0.26186899038461536
0 0.9230769230769231 0.5985576923076923 0.12064302884615384 0.12079326923076923
0 0.8786057692307693 0.9567307692307693 0.083984375 0.08188100961538461
0 0.9002403846153846 0.8870192307692307 0.1875 0.22566105769230768
0 0.8052884615384616 0.7548076923076923 0.19681490384615385 0.07662259615384616
0 0.7415865384615384 0.9266826923076923 0.0987079326923077 0.14423076923076922
0 0.7079326923076923 0.7596153846153846 0.5096153846153846 0.48046875
0 0.546875 0.3918269230769231 0.4011418269230769 0.3996394230769231