0 0.40625 0.6141826923076923 0.42788461538461536 0.3820612980769231
0 0.07091346153846154 0.35216346153846156 0.14182692307692307 0.6658653846153846
0 0.8161057692307693 0.32211538461538464 0.3000300480769231 0.2980769230769231
0 0.4362980769230769 0.3245192307692308 0.19996995192307693 0.20177283653846154
0 0.8461538461538461 0.6538461538461539 0.302734375 0.30288461538461536
0 0.8617788461538461 0.9507211538461539 0.15144230769230768 0.09375
0 0.6286057692307693 0.9591346153846154 0.17548076923076922 0.08143028846153846
0 0.20673076923076922 0.11538461538461539 0.27884615384615385 0.23076923076923078
0 0.5588942307692307 0.08653846153846154 0.09390024038461539 0.14423076923076922
0 0.9038461538461539 0.12139423076923077 0.19200721153846154 0.10802283653846154
0 0.12980769230769232 0.19591346153846154 0.25961538461538464 0.16571514423076922