0 0.016826923076923076 0.04326923076923077 0.03365384615384615 0.052884615384615384
0 0.040865384615384616 0.12259615384615384 0.08173076923076923 0.24519230769230768
0 0.20793269230769232 0.3762019230769231 0.1084735576923077 0.1084735576923077
0 0.04567307692307692 0.7067307692307693 0.09134615384615384 0.5862379807692307
0 0.7247596153846154 0.49399038461538464 0.3967848557692308 0.3967848557692308
0 0.9495192307692307 0.1935096153846154 0.09615384615384616 0.18990384615384615
0 0.9266826923076923 0.9567307692307693 0.14423076923076922 0.08638822115384616
0 0.7487980769230769 0.8377403846153846 0.23753004807692307 0.23768028846153846
0 0.7788461538461539 0.8822115384615384 0.12980769230769232 0.23527644230769232
0 0.9471153846153846 0.39903846153846156 0.10096153846153846 0.1875
0 0.8605769230769231 0.2403846153846154 0.03350360576923077 0.31700721153846156