0 0.6069711538461539 0.5697115384615384 0.6849459134615384 0.5333533653846154
0 0.4723557692307692 0.10216346153846154 0.2403846153846154 0.1993689903846154
0 0.0625 0.054086538461538464 0.09585336538461539 0.09390024038461539
0 0.18870192307692307 0.9447115384615384 0.09615384615384616 0.09600360576923077
0 0.96875 0.20072115384615385 0.062349759615384616 0.396484375
0 0.7764423076923077 0.29086538461538464 0.33203125 0.3078425480769231
0 0.9639423076923077 0.7596153846153846 0.07181490384615384 0.24534254807692307
0 0.8449519230769231 0.6862980769230769 0.30528846153846156 0.3245192307692308
0 0.48197115384615385 0.23076923076923078 0.18524639423076922 0.18719951923076922
0 0.43028846153846156 0.7752403846153846 0.4325420673076923 0.3894230769230769
0 0.23076923076923078 0.21875 0.14918870192307693 0.240234375
0 0.1935096153846154 0.27403846153846156 0.34359975961538464 0.14408052884615385
0 0.7728365384615384 0.15504807692307693 0.23302283653846154 0.23287259615384615
0 0.9591346153846154 0.9350961538461539 0.08158052884615384 0.1251502403846154