0 0.028846153846153848 0.5733173076923077 0.057692307692307696 0.08413461538461539
0 0.33653846153846156 0.9663461538461539 0.0770733173076923 0.06700721153846154
0 0.39783653846153844 0.6658653846153846 0.3629807692307692 0.36508413461538464
0 0.6814903846153846 0.23918269230769232 0.37244591346153844 0.32466947115384615
0 0.8221153846153846 0.0673076923076923 0.19230769230769232 0.1346153846153846
0 0.9939903846153846 0.8329326923076923 0.009615384615384616 0.2956730769230769
0 0.8641826923076923 0.9891826923076923 0.2692307692307692 0.021484375
0 0.8617788461538461 0.5264423076923077 0.2762920673076923 0.32241586538461536
0 0.17908653846153846 0.8293269230769231 0.2815504807692308 0.283203125
0 0.48197115384615385 0.9627403846153846 0.10817307692307693 0.07211538461538461
0 0.5949519230769231 0.8209134615384616 0.19501201923076922 0.19486177884615385
0 0.23918269230769232 0.23557692307692307 0.1564002403846154 0.21634615384615385
0 0.7319711538461539 0.8990384615384616 0.1896033653846154 0.1876502403846154
0 0.9831730769230769 0.05048076923076923 0.028846153846153848 0.038461538461538464