0 0.9903846153846154 0.7175480769230769 0.019080528846153848 0.11538461538461539
0 0.5228365384615384 0.125 0.23332331730769232 0.23527644230769232
0 0.7728365384615384 0.3798076923076923 0.14708533653846154 0.14483173076923078
0 0.17908653846153846 0.265625 0.24278846153846154 0.24278846153846154
0 0.23317307692307693 0.9050480769230769 0.27884615384615385 0.18509615384615385
0 0.12139423076923077 0.9603365384615384 0.13221153846153846 0.07451923076923077
0 0.3112980769230769 0.53125 0.4065504807692308 0.4085036057692308
0 0.0829326923076923 0.5865384615384616 0.1658653846153846 0.2644230769230769
0 0.5108173076923077 0.33533653846153844 0.0889423076923077 0.42563100961538464
0 0.9086538461538461 0.20673076923076922 0.17292668269230768 0.17277644230769232
0 0.6153846153846154 0.35216346153846156 0.038461538461538464 0.2091346153846154