0 0.34615384615384615 0.28125 0.45177283653846156 0.45162259615384615
0 0.15745192307692307 0.20072115384615385 0.31490384615384615 0.39663461538461536
0 0.0733173076923077 0.7596153846153846 0.1466346153846154 0.18269230769230768
0 0.003605769230769231 0.6875 0.007211538461538462 0.35096153846153844
0 0.24158653846153846 0.7427884615384616 0.34134615384615385 0.17307692307692307
0 0.17908653846153846 0.27403846153846156 0.19951923076923078 0.5190805288461539
0 0.6682692307692307 0.1045673076923077 0.158203125 0.15670072115384615
0 0.6875 0.4254807692307692 0.2881610576923077 0.2839543269230769
0 0.6778846153846154 0.7415865384615384 0.6060697115384616 0.47115384615384615
0 0.3016826923076923 0.875 0.36778846153846156 0.24519230769230768
0 0.9795673076923077 0.0673076923076923 0.036057692307692304 0.0673076923076923
0 0.9290865384615384 0.06971153846153846 0.126953125 0.12545072115384615