0 0.6069711538461539 0.5697115384615384 0.6083233173076923 0.6099759615384616
0 0.4723557692307692 0.10216346153846154 0.2403846153846154 0.1993689903846154
0 0.0625 0.054086538461538464 0.09585336538461539 0.09390024038461539
0 0.18870192307692307 0.9447115384615384 0.09134615384615384 0.10081129807692307
0 0.96875 0.20072115384615385 0.062349759615384616 0.396484375
0 0.7764423076923077 0.29086538461538464 0.33203125 0.3078425480769231
0 0.9411057692307693 0.7596153846153846 0.11298076923076923 0.16346153846153846
0 0.8449519230769231 0.6862980769230769 0.30528846153846156 0.3245192307692308
0 0.48197115384615385 0.23076923076923078 0.24744591346153846 0.125
0 0.43028846153846156 0.7752403846153846 0.4091045673076923 0.4110576923076923
0 0.23076923076923078 0.21875 0.19666466346153846 0.19275841346153846
0 0.1935096153846154 0.27403846153846156 0.24293870192307693 0.24474158653846154
0 0.7728365384615384 0.15504807692307693 0.32466947115384615 0.13942307692307693
0 0.9591346153846154 0.9350961538461539 0.08158052884615384 0.1251502403846154