0 0.7091346153846154 0.7560096153846154 0.2937199519230769 0.29552283653846156
0 0.7536057692307693 0.1045673076923077 0.21875 0.2091346153846154
0 0.9158653846153846 0.41947115384615385 0.1681189903846154 0.19471153846153846
0 0.6153846153846154 0.43149038461538464 0.48061899038461536 0.18043870192307693
0 0.49759615384615385 0.6418269230769231 0.24534254807692307 0.24534254807692307
0 0.27884615384615385 0.10336538461538461 0.2932692307692308 0.20673076923076922
0 0.9699519230769231 0.12740384615384615 0.055288461538461536 0.07211538461538461
0 0.027644230769230768 0.057692307692307696 0.05513822115384615 0.115234375
0 0.015625 0.15625 0.03125 0.3125
0 0.6358173076923077 0.8822115384615384 0.7282151442307693 0.047926682692307696
0 0.9951923076923077 0.036057692307692304 0.004807692307692308 0.07211538461538461