0 0.8870192307692307 0.04326923076923077 0.22115384615384615 0.08653846153846154
0 0.12980769230769232 0.34134615384615385 0.14918870192307693 0.3173076923076923
0 0.4423076923076923 0.01201923076923077 0.07211538461538461 0.023888221153846152
0 0.2980769230769231 0.03365384615384615 0.08653846153846154 0.0673076923076923
0 0.7367788461538461 0.1466346153846154 0.16090745192307693 0.2932692307692308
0 0.8569711538461539 0.12259615384615384 0.28125 0.24519230769230768
0 0.3545673076923077 0.30288461538461536 0.4015925480769231 0.6057692307692307
0 0.09014423076923077 0.14302884615384615 0.16120793269230768 0.1564002403846154
0 0.33533653846153844 0.9387019230769231 0.07016225961538461 0.07406850961538461
0 0.6153846153846154 0.5961538461538461 0.07211538461538461 0.2741887019230769
0 0.09014423076923077 0.8870192307692307 0.18028846153846154 0.1971153846153846
0 0.421875 0.6286057692307693 0.31986177884615385 0.31971153846153844
0 0.6262019230769231 0.3317307692307692 0.13716947115384615 0.22145432692307693
0 0.6887019230769231 0.8112980769230769 0.05033052884615385 0.28365384615384615
0 0.625 0.9783653846153846 0.09645432692307693 0.03861177884615385
0 0.05889423076923077 0.6862980769230769 0.026442307692307692 0.1778846153846154
0 0.3557692307692308 0.43028846153846156 0.10081129807692307 0.32241586538461536
0 0.9795673076923077 0.7067307692307693 0.038461538461538464 0.5862379807692307
0 0.7584134615384616 0.8545673076923077 0.17082331730769232 0.28846153846153844
0 0.8305288461538461 0.38461538461538464 0.15144230769230768 0.15354567307692307
0 0.9038461538461539 0.6298076923076923 0.11057692307692307 0.15354567307692307