0 0.49158653846153844 0.7596153846153846 0.12289663461538461 0.12469951923076923
0 0.8557692307692307 0.1935096153846154 0.28365384615384615 0.2956730769230769
0 0.8858173076923077 0.8629807692307693 0.12755408653846154 0.2737379807692308
0 0.5264423076923077 0.9867788461538461 0.3270733173076923 0.02403846153846154
0 0.1935096153846154 0.8822115384615384 0.25240384615384615 0.23076923076923078
0 0.7055288461538461 0.6983173076923077 0.09825721153846154 0.09825721153846154
0 0.17908653846153846 0.6177884615384616 0.07962740384615384 0.08173076923076923
0 0.030048076923076924 0.6646634615384616 0.06009615384615385 0.11298076923076923
0 0.17307692307692307 0.3173076923076923 0.09615384615384616 0.0770733173076923
0 0.42427884615384615 0.6382211538461539 0.016826923076923076 0.0791766826923077
0 0.4831730769230769 0.6382211538461539 0.052584134615384616 0.08413461538461539
0 0.5793269230769231 0.5324519230769231 0.091796875 0.09329927884615384