0 0.6370192307692307 0.5120192307692307 0.3408954326923077 0.3410456730769231
0 0.9230769230769231 0.49038461538461536 0.10081129807692307 0.07211538461538461
0 0.16105769230769232 0.08533653846153846 0.21153846153846154 0.17067307692307693
0 0.2403846153846154 0.5949519230769231 0.47611177884615385 0.05513822115384615
0 0.9086538461538461 0.6670673076923077 0.18239182692307693 0.0625
0 0.9146634615384616 0.25 0.12740384615384615 0.12935697115384615
0 0.875 0.16466346153846154 0.038161057692307696 0.06024639423076923
0 0.34615384615384615 0.1141826923076923 0.177734375 0.2283653846153846
0 0.40865384615384615 0.4891826923076923 0.09164663461538461 0.09375
0 0.5757211538461539 0.12740384615384615 0.23753004807692307 0.23602764423076922
0 0.6045673076923077 0.2776442307692308 0.045823317307692304 0.045522836538461536
0 0.9807692307692307 0.36658653846153844 0.03786057692307692 0.036207932692307696