0 0.021634615384615384 0.9447115384615384 0.043118990384615384 0.1104266826923077
0 0.48677884615384615 0.7536057692307693 0.13716947115384615 0.3245192307692308
0 0.49399038461538464 0.2283653846153846 0.24759615384615385 0.4567307692307692
0 0.08173076923076923 0.28966346153846156 0.16346153846153846 0.18990384615384615
0 0.29086538461538464 0.4206730769230769 0.047926682692307696 0.48587740384615385
0 0.44711538461538464 0.6153846153846154 0.177734375 0.27388822115384615
0 0.7692307692307693 0.6225961538461539 0.16316105769230768 0.44741586538461536
0 0.5120192307692307 0.9242788461538461 0.3508112980769231 0.15129206730769232
0 0.09254807692307693 0.9110576923076923 0.059645432692307696 0.061899038461538464
0 0.7680288461538461 0.8858173076923077 0.07932692307692307 0.22596153846153846
0 0.8137019230769231 0.7007211538461539 0.15625 0.22355769230769232