0 0.6045673076923077 0.11538461538461539 0.031099759615384616 0.10111177884615384
0 0.8882211538461539 0.5889423076923077 0.22115384615384615 0.8174579326923077
0 0.3137019230769231 0.17908653846153846 0.021634615384615384 0.028846153846153848
0 0.4230769230769231 0.7127403846153846 0.134765625 0.1346153846153846
0 0.30408653846153844 0.6802884615384616 0.06009615384615385 0.0770733173076923
0 0.5889423076923077 0.7391826923076923 0.09164663461538461 0.11778846153846154
0 0.4423076923076923 0.9110576923076923 0.07211538461538461 0.177734375
0 0.2980769230769231 0.8834134615384616 0.12034254807692307 0.23076923076923078
0 0.7367788461538461 0.8040865384615384 0.27599158653846156 0.2761418269230769
0 0.8581730769230769 0.7740384615384616 0.28335336538461536 0.45162259615384615
0 0.3545673076923077 0.9290865384615384 0.2283653846153846 0.13701923076923078