0 0.49158653846153844 0.7596153846153846 0.12289663461538461 0.12469951923076923
0 0.8557692307692307 0.1935096153846154 0.28365384615384615 0.2956730769230769
0 0.8858173076923077 0.8629807692307693 0.12755408653846154 0.2737379807692308
0 0.5264423076923077 0.9483173076923077 0.1778846153846154 0.0985576923076923
0 0.19230769230769232 0.8930288461538461 0.38461538461538464 0.11538461538461539
0 0.7055288461538461 0.6983173076923077 0.09825721153846154 0.09825721153846154
0 0.17908653846153846 0.6177884615384616 0.07932692307692307 0.08203125
0 0.037259615384615384 0.6646634615384616 0.07451923076923077 0.0889423076923077
0 0.17307692307692307 0.3173076923076923 0.09615384615384616 0.0770733173076923
0 0.42427884615384615 0.6382211538461539 0.04807692307692308 0.04612379807692308
0 0.4831730769230769 0.6382211538461539 0.0673076923076923 0.0694110576923077
0 0.5793269230769231 0.5324519230769231 0.05303485576923077 0.13206129807692307