0 0.5252403846153846 0.5300480769230769 0.17067307692307693 0.06002103365384615
0 0.6394230769230769 0.3389423076923077 0.17292668269230768 0.07692307692307693
0 0.8605769230769231 0.3088942307692308 0.11538461538461539 0.026442307692307692
0 0.9555288461538461 0.5252403846153846 0.07211538461538461 0.028846153846153848
0 0.8185096153846154 0.5961538461538461 0.11298076923076923 0.22596153846153846
0 0.9507211538461539 0.7439903846153846 0.09375 0.08413461538461539
0 0.8762019230769231 0.953125 0.050405649038461536 0.0936748798076923
0 0.4891826923076923 0.796875 0.11786358173076923 0.08420973557692307
0 0.30649038461538464 0.5540865384615384 0.0361328125 0.19463641826923078
0 0.0829326923076923 0.6850961538461539 0.036057692307692304 0.10591947115384616
0 0.014423076923076924 0.3762019230769231 0.028846153846153848 0.03365384615384615
0 0.14423076923076922 0.3112980769230769 0.12026742788461539 0.040940504807692304
0 0.1310096153846154 0.028846153846153848 0.0985576923076923 0.057692307692307696
0 0.6622596153846154 0.036057692307692304 0.06002103365384615 0.01915564903846154
0 0.19951923076923078 0.15144230769230768 0.04341947115384615 0.057542067307692304
0 0.33413461538461536 0.234375 0.014423076923076924 0.016751802884615384