0 0.07932692307692307 0.028846153846153848 0.15392127403846154 0.028771033653846152
0 0.025240384615384616 0.17067307692307693 0.04807692307692308 0.033578725961538464
0 0.3786057692307692 0.18269230769230768 0.12725360576923078 0.2403846153846154
0 0.2980769230769231 0.40865384615384615 0.08646334134615384 0.15384615384615385
0 0.5012019230769231 0.33774038461538464 0.1466346153846154 0.10576923076923077
0 0.13221153846153846 0.6237980769230769 0.09615384615384616 0.2619441105769231
0 0.3545673076923077 0.7932692307692307 0.04326923076923077 0.10576923076923077
0 0.2439903846153846 0.7752403846153846 0.08173076923076923 0.026592548076923076
0 0.5108173076923077 0.8725961538461539 0.041015625 0.2546574519230769
0 0.5252403846153846 0.609375 0.021559495192307692 0.014423076923076924
0 0.5276442307692307 0.4963942307692308 0.05033052884615385 0.03125
0 0.7139423076923077 0.43990384615384615 0.10096153846153846 0.024188701923076924
0 0.5853365384615384 0.15504807692307693 0.17555588942307693 0.04567307692307692
0 0.640625 0.24158653846153846 0.07211538461538461 0.09134615384615384
0 0.7620192307692307 0.2776442307692308 0.014573317307692308 0.021634615384615384
0 0.8401442307692307 0.35697115384615385 0.011944110576923076 0.016826923076923076
0 0.8786057692307693 0.11899038461538461 0.028846153846153848 0.057692307692307696
0 0.6153846153846154 0.7019230769230769 0.019080528846153848 0.01953125
0 0.8485576923076923 0.8581730769230769 0.014122596153846154 0.019230769230769232
0 0.8449519230769231 0.7848557692307693 0.07444411057692307 0.07211538461538461
0 0.9314903846153846 0.8521634615384616 0.0986328125 0.06482872596153846
0 0.9350961538461539 0.6033653846153846 0.1297325721153846 0.03365384615384615
0 0.9771634615384616 0.28365384615384615 0.040865384615384616 0.02403846153846154