0 0.39663461538461536 0.6382211538461539 0.3125751201923077 0.40625
0 0.2127403846153846 0.5793269230769231 0.23317307692307693 0.375
0 0.609375 0.7475961538461539 0.1971153846153846 0.16353665865384615
0 0.6490384615384616 0.45913461538461536 0.08661358173076923 0.1346153846153846
0 0.5961538461538461 0.2956730769230769 0.07677283653846154 0.09149639423076923
0 0.7439903846153846 0.2644230769230769 0.13942307692307693 0.14408052884615385
0 0.11778846153846154 0.31490384615384615 0.11538461538461539 0.15857872596153846
0 0.5324519230769231 0.040865384615384616 0.10329026442307693 0.033804086538461536
0 0.5432692307692307 0.12139423076923077 0.09630408653846154 0.021559495192307692
0 0.6177884615384616 0.07451923076923077 0.0673076923076923 0.03372896634615385
0 0.4675480769230769 0.0733173076923077 0.060171274038461536 0.050405649038461536