0 0.12139423076923077 0.17668269230769232 0.13701923076923078 0.12267127403846154
0 0.010817307692307692 0.35336538461538464 0.021559495192307692 0.02892127403846154
0 0.15264423076923078 0.2620192307692308 0.031400240384615384 0.12950721153846154
0 0.10336538461538461 0.4567307692307692 0.06715745192307693 0.1200420673076923
0 0.18990384615384615 0.4879807692307692 0.1201171875 0.11545973557692307
0 0.3004807692307692 0.3088942307692308 0.07684795673076923 0.25721153846153844
0 0.15865384615384615 0.6658653846153846 0.1778846153846154 0.13972355769230768
0 0.2439903846153846 0.8197115384615384 0.13221153846153846 0.07196514423076923
0 0.4026442307692308 0.6418269230769231 0.07459435096153846 0.14918870192307693
0 0.41947115384615385 0.5661057692307693 0.15625 0.021634615384615384
0 0.5817307692307693 0.6045673076923077 0.03831129807692308 0.0263671875
0 0.39903846153846156 0.3485576923076923 0.12507512019230768 0.03372896634615385
0 0.5733173076923077 0.21875 0.19471153846153846 0.25
0 0.7103365384615384 0.20552884615384615 0.07451923076923077 0.0840594951923077
0 0.9651442307692307 0.23197115384615385 0.06956129807692307 0.021634615384615384
0 0.5444711538461539 0.8413461538461539 0.07444411057692307 0.13454026442307693
0 0.7908653846153846 0.9459134615384616 0.09607872596153846 0.04079026442307692
0 0.7271634615384616 0.8305288461538461 0.014423076923076924 0.07692307692307693
0 0.7175480769230769 0.6790865384615384 0.031325120192307696 0.10329026442307693
0 0.7740384615384616 0.5444711538461539 0.029146634615384616 0.10096153846153846
0 0.8557692307692307 0.6358173076923077 0.047926682692307696 0.16594050480769232
0 0.8076923076923077 0.33653846153846156 0.09630408653846154 0.27396334134615385
0 0.6862980769230769 0.4723557692307692 0.05521334134615385 0.031325120192307696
0 0.5949519230769231 0.3798076923076923 0.021634615384615384 0.047926682692307696
0 0.44591346153846156 0.3798076923076923 0.22829026442307693 0.15392127403846154