0 0.06610576923076923 0.07572115384615384 0.036057692307692304 0.055288461538461536
0 0.296875 0.4375 0.040940504807692304 0.16331129807692307
0 0.31490384615384615 0.1658653846153846 0.043344350961538464 0.1249248798076923
0 0.08533653846153846 0.4639423076923077 0.04807692307692308 0.19696514423076922
0 0.057692307692307696 0.17908653846153846 0.019381009615384616 0.050405649038461536
0 0.016826923076923076 0.1814903846153846 0.028846153846153848 0.052884615384615384
0 0.02403846153846154 0.16105769230769232 0.048001802884615384 0.04815204326923077
0 0.03485576923076923 0.14783653846153846 0.0673076923076923 0.11538461538461539
0 0.18509615384615385 0.04447115384615385 0.04319411057692308 0.026442307692307692
0 0.4230769230769231 0.015625 0.03861177884615385 0.026292067307692308
0 0.41346153846153844 0.016826923076923076 0.04341947115384615 0.024338942307692308
0 0.515625 0.2548076923076923 0.07451923076923077 0.0673828125
0 0.9338942307692307 0.06610576923076923 0.021634615384615384 0.083984375
0 0.8161057692307693 0.23557692307692307 0.016751802884615384 0.16834435096153846
0 0.6262019230769231 0.38461538461538464 0.026517427884615384 0.15392127403846154
0 0.8040865384615384 0.40024038461538464 0.09375 0.10096153846153846
0 0.7391826923076923 0.6153846153846154 0.10817307692307693 0.04815204326923077
0 0.5829326923076923 0.5384615384615384 0.059945913461538464 0.07196514423076923
0 0.5757211538461539 0.5276442307692307 0.060171274038461536 0.08420973557692307
0 0.484375 0.6670673076923077 0.0625 0.12755408653846154
0 0.6959134615384616 0.5288461538461539 0.04807692307692308 0.16834435096153846
0 0.9867788461538461 0.5288461538461539 0.021634615384615384 0.07692307692307693
0 0.3485576923076923 0.6814903846153846 0.052884615384615384 0.05536358173076923
0 0.5865384615384616 0.7848557692307693 0.08668870192307693 0.06009615384615385
0 0.4050480769230769 0.8485576923076923 0.11771334134615384 0.13942307692307693
0 0.078125 0.7391826923076923 0.13228665865384615 0.0985576923076923
0 0.17908653846153846 0.9362980769230769 0.0263671875 0.08420973557692307
0 0.6658653846153846 0.9362980769230769 0.15880408653846154 0.06482872596153846
0 0.7872596153846154 0.8557692307692307 0.05521334134615385 0.09600360576923077
0 0.8497596153846154 0.9639423076923077 0.07947716346153846 0.07181490384615384
0 0.16947115384615385 0.35216346153846156 0.011944110576923076 0.035982572115384616
0 0.2091346153846154 0.4338942307692308 0.014498197115384616 0.026442307692307692
0 0.23197115384615385 0.47475961538461536 0.012094350961538462 0.021709735576923076