0 0.390625 0.203125 0.2764423076923077 0.09375
0 0.27163461538461536 0.07211538461538461 0.22100360576923078 0.10081129807692307
0 0.6490384615384616 0.203125 0.1826171875 0.19951923076923078
0 0.7788461538461539 0.08052884615384616 0.3605769230769231 0.12252103365384616
0 0.38100961538461536 0.12740384615384615 0.2548076923076923 0.052884615384615384
0 0.5240384615384616 0.6153846153846154 0.2979266826923077 0.115234375
0 0.5576923076923077 0.8473557692307693 0.3173076923076923 0.14182692307692307
0 0.5192307692307693 0.7295673076923077 0.11057692307692307 0.09375
0 0.28125 0.8076923076923077 0.3606520432692308 0.24053485576923078
0 0.11298076923076923 0.08533653846153846 0.12980769230769232 0.16826923076923078
0 0.5252403846153846 0.04447115384615385 0.1971153846153846 0.0889423076923077
0 0.7836538461538461 0.6237980769230769 0.0770733173076923 0.11305588942307693
0 0.7319711538461539 0.8689903846153846 0.07451923076923077 0.25728665865384615
0 0.5564903846153846 0.36177884615384615 0.6369441105769231 0.16826923076923078
0 0.7596153846153846 0.5036057692307693 0.08653846153846154 0.30288461538461536