0 0.5721153846153846 0.9675480769230769 0.115234375 0.06475360576923077
0 0.11298076923076923 0.4855769230769231 0.22596153846153846 0.08165564903846154
0 0.2536057692307692 0.7848557692307693 0.2692307692307692 0.0673076923076923
0 0.4326923076923077 0.6670673076923077 0.3076923076923077 0.057692307692307696
0 0.4182692307692308 0.5925480769230769 0.18742487980769232 0.0888671875
0 0.359375 0.4855769230769231 0.18021334134615385 0.23091947115384615
0 0.6730769230769231 0.6658653846153846 0.10088641826923077 0.11050180288461539
0 0.7271634615384616 0.7608173076923077 0.18269230769230768 0.016902043269230768
0 0.43509615384615385 0.27403846153846156 0.22588641826923078 0.057692307692307696
0 0.6213942307692307 0.3473557692307692 0.040865384615384616 0.13701923076923078
0 0.7139423076923077 0.3701923076923077 0.28380408653846156 0.048227163461538464
0 0.7355769230769231 0.6009615384615384 0.26908052884615385 0.12026742788461539
0 0.546875 0.5757211538461539 0.07925180288461539 0.10817307692307693
0 0.5084134615384616 0.8810096153846154 0.3053635817307692 0.08420973557692307
0 0.8269230769230769 0.8028846153846154 0.19215745192307693 0.1876502403846154
0 0.7163461538461539 0.9194711538461539 0.08638822115384616 0.1515174278846154
0 0.8137019230769231 0.9242788461538461 0.014423076923076924 0.01697716346153846
0 0.8870192307692307 0.9867788461538461 0.22588641826923078 0.011944110576923076
0 0.3762019230769231 0.34975961538461536 0.031325120192307696 0.014423076923076924
0 0.5132211538461539 0.3317307692307692 0.10817307692307693 0.03861177884615385
0 0.7307692307692307 0.28365384615384615 0.1730018028846154 0.03831129807692308
0 0.671875 0.24639423076923078 0.021634615384615384 0.021634615384615384
0 0.5997596153846154 0.19471153846153846 0.01697716346153846 0.033804086538461536
0 0.6983173076923077 0.19110576923076922 0.1658653846153846 0.038461538461538464
0 0.8125 0.1814903846153846 0.3701923076923077 0.08413461538461539
0 0.15745192307692307 0.6370192307692307 0.125 0.2068810096153846
0 0.2548076923076923 0.6742788461538461 0.04319411057692308 0.031174879807692308
0 0.04326923076923077 0.6682692307692307 0.08638822115384616 0.019381009615384616
0 0.10697115384615384 0.26802884615384615 0.20447716346153846 0.0987079326923077
0 0.765625 0.46153846153846156 0.19951923076923078 0.10096153846153846
0 0.3701923076923077 0.18870192307692307 0.3075420673076923 0.06002103365384615
0 0.6370192307692307 0.5228365384615384 0.03372896634615385 0.0263671875
0 0.5096153846153846 0.4891826923076923 0.1153094951923077 0.026517427884615384
0 0.17307692307692307 0.3713942307692308 0.13454026442307693 0.11538461538461539
0 0.9086538461538461 0.4651442307692308 0.08165564903846154 0.06497896634615384
0 0.9795673076923077 0.5408653846153846 0.0361328125 0.04319411057692308
0 0.9387019230769231 0.6334134615384616 0.12252103365384616 0.036057692307692304
0 0.9387019230769231 0.2800480769230769 0.11778846153846154 0.10329026442307693
0 0.9435096153846154 0.4110576923076923 0.11283052884615384 0.033353365384615384
0 0.9194711538461539 0.9326923076923077 0.009615384615384616 0.01434795673076923