0 0.5252403846153846 0.33052884615384615 0.0938251201923077 0.01201923076923077
0 0.6129807692307693 0.19110576923076922 0.024188701923076924 0.007211538461538462
0 0.546875 0.18990384615384615 0.1034405048076923 0.009690504807692308
0 0.3737980769230769 0.014423076923076924 0.016676682692307692 0.028846153846153848
0 0.7824519230769231 0.016826923076923076 0.0625 0.033578725961538464
0 0.2608173076923077 0.8725961538461539 0.0986328125 0.057767427884615384
0 0.5216346153846154 0.9855769230769231 0.004732572115384615 0.028771033653846152
0 0.14543269230769232 0.3125 0.09134615384615384 0.014272836538461538
0 0.19110576923076922 0.10336538461538461 0.007211538461538462 0.04341947115384615
0 0.1971153846153846 0.018028846153846152 0.014423076923076924 0.036057692307692304
0 0.08052884615384616 0.01201923076923077 0.014423076923076924 0.004957932692307692
0 0.6225961538461539 0.5252403846153846 0.10081129807692307 0.07436899038461539
0 0.765625 0.5552884615384616 0.09359975961538461 0.1200420673076923
0 0.5012019230769231 0.7524038461538461 0.11305588942307693 0.03372896634615385
0 0.3942307692307692 0.5456730769230769 0.11057692307692307 0.11072716346153846
0 0.9182692307692307 0.9050480769230769 0.014498197115384616 0.045748197115384616
0 0.7127403846153846 0.703125 0.021709735576923076 0.02403846153846154
0 0.8990384615384616 0.6117788461538461 0.02403846153846154 0.09134615384615384
0 0.7776442307692307 0.2704326923076923 0.01201923076923077 0.10329026442307693
0 0.8329326923076923 0.8425480769230769 0.035982572115384616 0.10336538461538461
0 0.9230769230769231 0.9483173076923077 0.028996394230769232 0.10321514423076923
0 0.9338942307692307 0.48197115384615385 0.016902043269230768 0.050405649038461536
0 0.9579326923076923 0.4014423076923077 0.012094350961538462 0.062349759615384616