0 0.43990384615384615 0.33052884615384615 0.06723257211538461 0.19944411057692307
0 0.6033653846153846 0.03485576923076923 0.13010817307692307 0.06956129807692307
0 0.6021634615384616 0.18990384615384615 0.038461538461538464 0.06723257211538461
0 0.2247596153846154 0.16947115384615385 0.016826923076923076 0.3389423076923077
0 0.040865384615384616 0.3004807692307692 0.08173076923076923 0.1778846153846154
0 0.6129807692307693 0.625 0.1923828125 0.15857872596153846
0 0.8569711538461539 0.10336538461538461 0.04326923076923077 0.20673076923076922
0 0.09134615384615384 0.15144230769230768 0.14408052884615385 0.30288461538461536
0 0.20432692307692307 0.45552884615384615 0.11072716346153846 0.3076923076923077
0 0.33533653846153844 0.42908653846153844 0.13709435096153846 0.16826923076923078
0 0.7584134615384616 0.47596153846153844 0.03125 0.3508864182692308
0 0.37259615384615385 0.13701923076923078 0.04815204326923077 0.1200420673076923