0 0.16346153846153846 0.359375 0.08661358173076923 0.2861328125
0 0.02283653846153846 0.32091346153846156 0.04559795673076923 0.0673076923076923
0 0.9122596153846154 0.46153846153846156 0.02403846153846154 0.17292668269230768
0 0.9411057692307693 0.49759615384615385 0.07451923076923077 0.09149639423076923
0 0.15504807692307693 0.7139423076923077 0.012094350961538462 0.062349759615384616
0 0.3245192307692308 0.8173076923076923 0.125 0.1251502403846154
0 0.7007211538461539 0.6682692307692307 0.10809795673076923 0.09134615384615384
0 0.7223557692307693 0.5192307692307693 0.07211538461538461 0.26953125
0 0.6189903846153846 0.390625 0.04567307692307692 0.15384615384615385
0 0.38100961538461536 0.33533653846153844 0.12980769230769232 0.6706730769230769
0 0.5084134615384616 0.5588942307692307 0.11778846153846154 0.208984375
0 0.7295673076923077 0.8545673076923077 0.04326923076923077 0.24263822115384615
0 0.17307692307692307 0.5685096153846154 0.17315204326923078 0.06490384615384616
0 0.04447115384615385 0.6526442307692307 0.04079026442307692 0.2283653846153846
0 0.21033653846153846 0.15625 0.07692307692307693 0.21649639423076922
0 0.765625 0.14302884615384615 0.06009615384615385 0.06475360576923077
0 0.875 0.7896634615384616 0.08661358173076923 0.14655949519230768
0 0.7019230769230769 0.2403846153846154 0.4328425480769231 0.04341947115384615
0 0.609375 0.625 0.03365384615384615 0.03350360576923077
0 0.6598557692307693 0.5829326923076923 0.036207932692307696 0.036207932692307696
0 0.6298076923076923 0.5877403846153846 0.019080528846153848 0.031325120192307696
0 0.6526442307692307 0.6346153846153846 0.031400240384615384 0.023888221153846152
0 0.9939903846153846 0.8617788461538461 0.007211538461538462 0.04567307692307692
0 0.9567307692307693 0.27403846153846156 0.07677283653846154 0.028846153846153848
0 0.9771634615384616 0.22596153846153846 0.031174879807692308 0.10591947115384616
0 0.7692307692307693 0.5925480769230769 0.03861177884615385 0.01201923076923077
0 0.014423076923076924 0.07692307692307693 0.028846153846153848 0.03861177884615385