0 0.14182692307692307 0.21754807692307693 0.10569411057692307 0.05536358173076923
0 0.4074519230769231 0.44591346153846156 0.10576923076923077 0.04559795673076923
0 0.8341346153846154 0.36778846153846156 0.15895432692307693 0.05303485576923077
0 0.7884615384615384 0.5084134615384616 0.11553485576923077 0.03365384615384615
0 0.8762019230769231 0.7247596153846154 0.10824819711538461 0.06490384615384616
0 0.36778846153846156 0.7175480769230769 0.13454026442307693 0.05521334134615385
0 0.13341346153846154 0.6141826923076923 0.1034405048076923 0.0673076923076923
0 0.4639423076923077 0.24158653846153846 0.019381009615384616 0.07436899038461539
0 0.6322115384615384 0.1141826923076923 0.06715745192307693 0.16346153846153846
0 0.46634615384615385 0.13341346153846154 0.03365384615384615 0.10336538461538461
0 0.2512019230769231 0.3076923076923077 0.031174879807692308 0.10561899038461539
0 0.11298076923076923 0.46153846153846156 0.043118990384615384 0.11553485576923077
0 0.8930288461538461 0.0733173076923077 0.07211538461538461 0.09134615384615384
0 0.4387019230769231 0.040865384615384616 0.23798076923076922 0.04815204326923077
0 0.5721153846153846 0.5012019230769231 0.0674579326923077 0.16346153846153846
0 0.6334134615384616 0.7247596153846154 0.11778846153846154 0.1034405048076923
0 0.24639423076923078 0.8954326923076923 0.125 0.19951923076923078
0 0.24158653846153846 0.03365384615384615 0.03365384615384615 0.057992788461538464
0 0.5288461538461539 0.3425480769230769 0.10561899038461539 0.0840594951923077
0 0.027644230769230768 0.43990384615384615 0.055288461538461536 0.11545973557692307