0 0.11177884615384616 0.7680288461538461 0.0938251201923077 0.13228665865384615
0 0.33052884615384615 0.6850961538461539 0.18997896634615385 0.1297325721153846
0 0.020432692307692308 0.1466346153846154 0.040865384615384616 0.057692307692307696
0 0.5024038461538461 0.671875 0.09134615384615384 0.031174879807692308
0 0.4098557692307692 0.39302884615384615 0.21882512019230768 0.13694411057692307
0 0.6322115384615384 0.17668269230769232 0.10591947115384616 0.18269230769230768
0 0.9362980769230769 0.49278846153846156 0.06986177884615384 0.014272836538461538
0 0.9855769230769231 0.49158653846153844 0.02403846153846154 0.01201923076923077
0 0.48677884615384615 0.33774038461538464 0.10096153846153846 0.050405649038461536
0 0.07091346153846154 0.7283653846153846 0.1346153846153846 0.052734375
0 0.037259615384615384 0.6658653846153846 0.06971153846153846 0.014272836538461538
0 0.14543269230769232 0.7980769230769231 0.07436899038461539 0.03831129807692308
0 0.5360576923076923 0.038461538461538464 0.1104266826923077 0.03831129807692308
0 0.8701923076923077 0.10336538461538461 0.12965745192307693 0.20673076923076922
0 0.8317307692307693 0.037259615384615384 0.03372896634615385 0.07451923076923077
0 0.7223557692307693 0.02403846153846154 0.035982572115384616 0.04807692307692308
0 0.6778846153846154 0.06850961538461539 0.17307692307692307 0.040865384615384616
0 0.1814903846153846 0.10576923076923077 0.1658653846153846 0.21153846153846154
0 0.39663461538461536 0.9206730769230769 0.12049278846153846 0.047926682692307696
0 0.3954326923076923 0.025240384615384616 0.02403846153846154 0.03365384615384615
0 0.2512019230769231 0.7067307692307693 0.08420973557692307 0.00946514423076923
0 0.34375 0.703125 0.10081129807692307 0.004807692307692308