0 0.6430288461538461 0.8581730769230769 0.026442307692307692 0.26412259615384615
0 0.6995192307692307 0.5853365384615384 0.09615384615384616 0.28598257211538464
0 0.8293269230769231 0.7944711538461539 0.08653846153846154 0.3436748798076923
0 0.8942307692307693 0.5432692307692307 0.052734375 0.1541466346153846
0 0.9447115384615384 0.38341346153846156 0.06265024038461539 0.1611328125
0 0.9206730769230769 0.2644230769230769 0.15857872596153846 0.0673076923076923
0 0.6478365384615384 0.10096153846153846 0.12747896634615385 0.07699819711538461
0 0.8149038461538461 0.07211538461538461 0.20680588942307693 0.134765625
0 0.28846153846153844 0.06850961538461539 0.5769230769230769 0.13236177884615385
0 0.37740384615384615 0.859375 0.062424879807692304 0.27884615384615385
0 0.42427884615384615 0.9278846153846154 0.3342097355769231 0.10591947115384616