0 0.29086538461538464 0.03485576923076923 0.04807692307692308 0.06963641826923077
0 0.22596153846153846 0.14423076923076922 0.13469050480769232 0.028846153846153848
0 0.5252403846153846 0.0829326923076923 0.1346153846153846 0.1658653846153846
0 0.38221153846153844 0.3581730769230769 0.17795973557692307 0.21161358173076922
0 0.3137019230769231 0.22355769230769232 0.016826923076923076 0.043118990384615384
0 0.18269230769230768 0.41466346153846156 0.09142127403846154 0.11057692307692307
0 0.12740384615384615 0.5745192307692307 0.03365384615384615 0.06723257211538461
0 0.2608173076923077 0.8329326923076923 0.13221153846153846 0.07692307692307693
0 0.45552884615384615 0.8137019230769231 0.13701923076923078 0.06978665865384616
0 0.5661057692307693 0.5997596153846154 0.13942307692307693 0.052884615384615384
0 0.6033653846153846 0.4567307692307692 0.13446514423076922 0.038161057692307696
0 0.640625 0.3173076923076923 0.19951923076923078 0.023963341346153848
0 0.9230769230769231 0.4795673076923077 0.14903846153846154 0.057692307692307696
0 0.7319711538461539 0.7379807692307693 0.09134615384615384 0.0625
0 0.828125 0.09375 0.146484375 0.07677283653846154