0 0.9110576923076923 0.8834134615384616 0.10569411057692307 0.0985576923076923
0 0.9050480769230769 0.8713942307692307 0.11778846153846154 0.10329026442307693
0 0.8221153846153846 0.7271634615384616 0.09600360576923077 0.03125
0 0.9519230769230769 0.6153846153846154 0.01915564903846154 0.0625751201923077
0 0.9879807692307693 0.6959134615384616 0.019230769230769232 0.026442307692307692
0 0.9783653846153846 0.4567307692307692 0.038461538461538464 0.028846153846153848
0 0.9735576923076923 0.30649038461538464 0.052734375 0.03365384615384615
0 0.9555288461538461 0.3485576923076923 0.08413461538461539 0.04326923076923077
0 0.9567307692307693 0.36177884615384615 0.08173076923076923 0.06971153846153846
0 0.9495192307692307 0.39663461538461536 0.10088641826923077 0.04807692307692308
0 0.8161057692307693 0.5324519230769231 0.012094350961538462 0.05055588942307692
0 0.7019230769230769 0.3269230769230769 0.1443810096153846 0.038461538461538464
0 0.5216346153846154 0.20072115384615385 0.023737980769230768 0.1993689903846154
0 0.6394230769230769 0.5877403846153846 0.1251502403846154 0.04567307692307692
0 0.6742788461538461 0.9290865384615384 0.03125 0.14167668269230768
0 0.6141826923076923 0.06129807692307692 0.12259615384615384 0.11290564903846154
0 0.8064903846153846 0.06009615384615385 0.08909254807692307 0.11087740384615384
0 0.9134615384615384 0.1935096153846154 0.04807692307692308 0.18509615384615385
0 0.8629807692307693 0.2536057692307692 0.08188100961538461 0.23076923076923078
0 0.7596153846153846 0.2920673076923077 0.062349759615384616 0.1564002403846154
0 0.3389423076923077 0.24278846153846154 0.04341947115384615 0.019230769230769232
0 0.44711538461538464 0.5444711538461539 0.019381009615384616 0.07925180288461539
0 0.3112980769230769 0.5444711538461539 0.05048076923076923 0.18021334134615385
0 0.40865384615384615 0.7151442307692307 0.11553485576923077 0.031174879807692308
0 0.45552884615384615 0.890625 0.035982572115384616 0.10576923076923077
0 0.36899038461538464 0.9891826923076923 0.026592548076923076 0.021484375
0 0.27283653846153844 0.7944711538461539 0.019230769230769232 0.1368689903846154
0 0.09254807692307693 0.53125 0.036057692307692304 0.1201171875
0 0.052884615384615384 0.5144230769230769 0.047926682692307696 0.14903846153846154
0 0.2127403846153846 0.10216346153846154 0.031174879807692308 0.19944411057692307
0 0.1346153846153846 0.25841346153846156 0.2596905048076923 0.15617487980769232
0 0.13942307692307693 0.8329326923076923 0.038161057692307696 0.19951923076923078
0 0.025240384615384616 0.9362980769230769 0.036207932692307696 0.12725360576923078