0 0.8425480769230769 0.9290865384615384 0.08413461538461539 0.05048076923076923
0 0.6802884615384616 0.7427884615384616 0.09615384615384616 0.06265024038461539
0 0.44711538461538464 0.6346153846153846 0.08180588942307693 0.12980769230769232
0 0.6081730769230769 0.4831730769230769 0.04807692307692308 0.09149639423076923
0 0.7451923076923077 0.4423076923076923 0.043344350961538464 0.17315204326923078
0 0.8786057692307693 0.06129807692307692 0.10336538461538461 0.06475360576923077
0 0.9915865384615384 0.21033653846153846 0.016751802884615384 0.021634615384615384
0 0.9723557692307693 0.4387019230769231 0.05048076923076923 0.055288461538461536
0 0.875 0.5552884615384616 0.072265625 0.14423076923076922
0 0.703125 0.16105769230769232 0.10802283653846154 0.2551081730769231
0 0.6033653846153846 0.042067307692307696 0.07211538461538461 0.06505408653846154
0 0.44591346153846156 0.08533653846153846 0.1368689903846154 0.1564002403846154
0 0.31009615384615385 0.44350961538461536 0.0673076923076923 0.15617487980769232
0 0.3317307692307692 0.37740384615384615 0.17292668269230768 0.04815204326923077
0 0.48677884615384615 0.4050480769230769 0.0361328125 0.040865384615384616
0 0.5925480769230769 0.28365384615384615 0.04559795673076923 0.052884615384615384
0 0.5012019230769231 0.20072115384615385 0.021784855769230768 0.06024639423076923
0 0.4483173076923077 0.22115384615384615 0.04071514423076923 0.115234375
0 0.4170673076923077 0.18028846153846154 0.0263671875 0.12507512019230768
0 0.31490384615384615 0.15985576923076922 0.1346153846153846 0.045748197115384616
0 0.27524038461538464 0.039663461538461536 0.22355769230769232 0.038461538461538464
0 0.03125 0.25721153846153844 0.05303485576923077 0.10584435096153846
0 0.07692307692307693 0.0733173076923077 0.043344350961538464 0.14190204326923078
0 0.14543269230769232 0.24158653846153846 0.21867487980769232 0.23790564903846154
0 0.08413461538461539 0.45913461538461536 0.15880408653846154 0.1249248798076923
0 0.15144230769230768 0.6129807692307693 0.12980769230769232 0.08165564903846154
0 0.6177884615384616 0.6225961538461539 0.03838641826923077 0.06723257211538461
0 0.5036057692307693 0.8197115384615384 0.04326923076923077 0.033578725961538464