0 0.3629807692307692 0.04447115384615385 0.02403846153846154 0.0889423076923077
0 0.4338942307692308 0.1502403846153846 0.0673076923076923 0.09359975961538461
0 0.6826923076923077 0.09975961538461539 0.10591947115384616 0.08413461538461539
0 0.6117788461538461 0.32211538461538464 0.10817307692307693 0.07204026442307693
0 0.36658653846153844 0.5192307692307693 0.036057692307692304 0.0721905048076923
0 0.5492788461538461 0.6117788461538461 0.10817307692307693 0.25232872596153844
0 0.38341346153846156 0.8317307692307693 0.07459435096153846 0.04326923076923077
0 0.7752403846153846 0.5733173076923077 0.083984375 0.03125
0 0.8882211538461539 0.30649038461538464 0.07451923076923077 0.09615384615384616
0 0.8978365384615384 0.013221153846153846 0.016826923076923076 0.026442307692307692
0 0.5480769230769231 0.10336538461538461 0.08188100961538461 0.004807692307692308