0 0.8028846153846154 0.4879807692307692 0.07211538461538461 0.11553485576923077
0 0.7824519230769231 0.13942307692307693 0.18517127403846154 0.17307692307692307
0 0.09375 0.03365384615384615 0.0673076923076923 0.047926682692307696
0 0.09735576923076923 0.25961538461538464 0.021634615384615384 0.08661358173076923
0 0.4182692307692308 0.5492788461538461 0.10591947115384616 0.17059795673076922
0 0.5588942307692307 0.6081730769230769 0.07444411057692307 0.16346153846153846
0 0.5877403846153846 0.31490384615384615 0.07459435096153846 0.17780949519230768
0 0.609375 0.109375 0.06963641826923077 0.1778846153846154
0 0.2536057692307692 0.025240384615384616 0.03365384615384615 0.05033052884615385
0 0.2620192307692308 0.040865384615384616 0.1876502403846154 0.05303485576923077
0 0.8521634615384616 0.3473557692307692 0.20905949519230768 0.055288461538461536
0 0.8653846153846154 0.5144230769230769 0.057992788461538464 0.125
0 0.859375 0.3016826923076923 0.0985576923076923 0.0263671875
0 0.875 0.27403846153846156 0.023963341346153848 0.019381009615384616
0 0.2548076923076923 0.5504807692307693 0.12530048076923078 0.10111177884615384
0 0.21394230769230768 0.6802884615384616 0.2166466346153846 0.09119591346153846
0 0.021634615384615384 0.43509615384615385 0.04326923076923077 0.057692307692307696
0 0.22235576923076922 0.3545673076923077 0.028846153846153848 0.057692307692307696
0 0.4110576923076923 0.25721153846153844 0.0673076923076923 0.240234375
0 0.30528846153846156 0.265625 0.15384615384615385 0.038461538461538464
0 0.171875 0.26322115384615385 0.06497896634615384 0.1611328125
0 0.1141826923076923 0.47115384615384615 0.22821514423076922 0.39438100961538464
0 0.42427884615384615 0.11538461538461539 0.31971153846153844 0.22100360576923078
0 0.20673076923076922 0.23677884615384615 0.1201923076923077 0.15384615384615385
0 0.7427884615384616 0.3425480769230769 0.009690504807692308 0.014423076923076924
0 0.12139423076923077 0.25721153846153844 0.009615384615384616 0.009765625
0 0.010817307692307692 0.18389423076923078 0.021634615384615384 0.021634615384615384
0 0.43149038461538464 0.6911057692307693 0.011944110576923076 0.016902043269230768
0 0.6298076923076923 0.4014423076923077 0.134765625 0.16346153846153846
0 0.3317307692307692 0.43990384615384615 0.009915865384615384 0.014423076923076924
0 0.6069711538461539 0.11298076923076923 0.059945913461538464 0.13912259615384615
0 0.7920673076923077 0.1502403846153846 0.15625 0.1513671875
0 0.5853365384615384 0.3269230769230769 0.05513822115384615 0.14918870192307693
0 0.8497596153846154 0.3485576923076923 0.1658653846153846 0.028771033653846152
0 0.8052884615384616 0.49038461538461536 0.03853665865384615 0.10576923076923077
0 0.8689903846153846 0.4951923076923077 0.0625 0.1201171875
0 0.6346153846153846 0.4026442307692308 0.04319411057692308 0.04567307692307692
0 0.6766826923076923 0.5036057692307693 0.05521334134615385 0.0888671875
0 0.5576923076923077 0.6033653846153846 0.043118990384615384 0.14903846153846154
0 0.4230769230769231 0.5649038461538461 0.08638822115384616 0.1346153846153846
0 0.09375 0.5060096153846154 0.1875 0.3340594951923077
0 0.2091346153846154 0.3112980769230769 0.02892127403846154 0.057692307692307696
0 0.1875 0.27163461538461536 0.004957932692307692 0.11989182692307693
0 0.1502403846153846 0.2403846153846154 0.021559495192307692 0.13446514423076922
0 0.09615384615384616 0.2668269230769231 0.01915564903846154 0.062424879807692304
0 0.21754807692307693 0.5865384615384616 0.13942307692307693 0.1201923076923077
0 0.18028846153846154 0.6935096153846154 0.19696514423076922 0.06986177884615384
0 0.5276442307692307 0.0829326923076923 0.10336538461538461 0.13228665865384615
0 0.3016826923076923 0.038461538461538464 0.09840745192307693 0.029146634615384616
0 0.29927884615384615 0.17427884615384615 0.1875 0.07444411057692307
0 0.3137019230769231 0.2776442307692308 0.13213641826923078 0.04326923076923077
0 0.4074519230769231 0.25961538461538464 0.05055588942307692 0.17315204326923078
0 0.20072115384615385 0.0673076923076923 0.0888671875 0.0625
0 0.08774038461538461 0.039663461538461536 0.052884615384615384 0.050405649038461536
0 0.24879807692307693 0.021634615384615384 0.02403846153846154 0.028846153846153848
0 0.8677884615384616 0.28725961538461536 0.1153094951923077 0.0673076923076923
0 0.6790865384615384 0.5048076923076923 0.07211538461538461 0.09615384615384616