0 0.19951923076923078 0.15865384615384615 0.13010817307692307 0.03350360576923077
0 0.34375 0.296875 0.14933894230769232 0.1875
0 0.8064903846153846 0.25600961538461536 0.0840594951923077 0.20920973557692307
0 0.9651442307692307 0.12980769230769232 0.06963641826923077 0.09615384615384616
0 0.7572115384615384 0.03365384615384615 0.0721905048076923 0.0673076923076923
0 0.6153846153846154 0.15264423076923078 0.16316105769230768 0.031400240384615384
0 0.7680288461538461 0.6129807692307693 0.09848257211538461 0.11538461538461539
0 0.5564903846153846 0.5336538461538461 0.06978665865384616 0.09607872596153846
0 0.22115384615384615 0.4675480769230769 0.42788461538461536 0.20192307692307693
0 0.07932692307692307 0.7223557692307693 0.15384615384615385 0.13228665865384615
0 0.23798076923076922 0.7536057692307693 0.22626201923076922 0.09390024038461539
0 0.8810096153846154 0.8605769230769231 0.07459435096153846 0.26915564903846156
0 0.734375 0.9134615384615384 0.09375 0.16819411057692307
0 0.5012019230769231 0.7235576923076923 0.031174879807692308 0.028846153846153848
0 0.234375 0.9639423076923077 0.06963641826923077 0.07196514423076923
0 0.3786057692307692 0.018028846153846152 0.040940504807692304 0.036057692307692304
0 0.4891826923076923 0.06370192307692307 0.040865384615384616 0.10576923076923077
0 0.8149038461538461 0.41346153846153844 0.13927283653846154 0.028996394230769232
0 0.6814903846153846 0.6358173076923077 0.07459435096153846 0.08653846153846154
0 0.3894230769230769 0.7331730769230769 0.047926682692307696 0.21146334134615385
0 0.38461538461538464 0.08173076923076923 0.019230769230769232 0.05784254807692308
0 0.4110576923076923 0.025240384615384616 0.014272836538461538 0.050405649038461536
0 0.35096153846153844 0.08052884615384616 0.009615384615384616 0.04559795673076923
0 0.33413461538461536 0.08413461538461539 0.009690504807692308 0.02892127403846154
0 0.3858173076923077 0.14423076923076922 0.01201923076923077 0.038461538461538464