0 0.47836538461538464 0.6346153846153846 0.04815204326923077 0.11538461538461539
0 0.6574519230769231 0.6298076923076923 0.016751802884615384 0.15377103365384615
0 0.7475961538461539 0.4879807692307692 0.125 0.03853665865384615
0 0.5637019230769231 0.31971153846153844 0.0889423076923077 0.08173076923076923
0 0.4074519230769231 0.20793269230769232 0.03365384615384615 0.10336538461538461
0 0.4362980769230769 0.026442307692307692 0.13942307692307693 0.024188701923076924
0 0.8497596153846154 0.1466346153846154 0.04559795673076923 0.09615384615384616
0 0.8497596153846154 0.359375 0.06009615384615385 0.09134615384615384
0 0.6418269230769231 0.019230769230769232 0.02869591346153846 0.038161057692307696
0 0.7319711538461539 0.15384615384615385 0.07947716346153846 0.12995793269230768
0 0.7980769230769231 0.2764423076923077 0.019305889423076924 0.028846153846153848
0 0.9735576923076923 0.5757211538461539 0.052809495192307696 0.0936748798076923
0 0.8209134615384616 0.6358173076923077 0.016826923076923076 0.06002103365384615
0 0.9206730769230769 0.6706730769230769 0.15850360576923078 0.019230769230769232
0 0.9038461538461539 0.9915865384615384 0.019381009615384616 0.014423076923076924
0 0.5552884615384616 0.921875 0.02403846153846154 0.15144230769230768
0 0.171875 0.9086538461538461 0.10576923076923077 0.09142127403846154
0 0.08173076923076923 0.8353365384615384 0.07677283653846154 0.03125
0 0.0733173076923077 0.8942307692307693 0.0985576923076923 0.20673076923076922
0 0.15144230769230768 0.6346153846153846 0.12507512019230768 0.014423076923076924
0 0.0985576923076923 0.36899038461538464 0.014423076923076924 0.0986328125
0 0.06009615384615385 0.35216346153846156 0.1201923076923077 0.12259615384615384
0 0.0889423076923077 0.48677884615384615 0.057767427884615384 0.13228665865384615
0 0.05048076923076923 0.1045673076923077 0.10096153846153846 0.09390024038461539
0 0.2848557692307692 0.3942307692307692 0.021559495192307692 0.26915564903846156
0 0.39783653846153844 0.5384615384615384 0.06482872596153846 0.11538461538461539
0 0.7367788461538461 0.9158653846153846 0.04807692307692308 0.1298828125
0 0.5673076923076923 0.9350961538461539 0.21146334134615385 0.08158052884615384