0 0.31971153846153844 0.41466346153846156 0.17307692307692307 0.0985576923076923
0 0.2127403846153846 0.17067307692307693 0.11298076923076923 0.1153094951923077
0 0.43028846153846156 0.08533653846153846 0.13927283653846154 0.021634615384615384
0 0.27884615384615385 0.5612980769230769 0.08661358173076923 0.20905949519230768
0 0.3317307692307692 0.5985576923076923 0.07204026442307693 0.17315204326923078
0 0.5120192307692307 0.8978365384615384 0.1923828125 0.07692307692307693
0 0.5204326923076923 0.6225961538461539 0.0889423076923077 0.014272836538461538
0 0.47836538461538464 0.6959134615384616 0.1201171875 0.13694411057692307
0 0.4855769230769231 0.6117788461538461 0.009690504807692308 0.011944110576923076
0 0.22596153846153846 0.9699519230769231 0.01915564903846154 0.026442307692307692
0 0.46153846153846156 0.3004807692307692 0.17322716346153846 0.052884615384615384
0 0.5961538461538461 0.3004807692307692 0.10088641826923077 0.023888221153846152
0 0.6286057692307693 0.10576923076923077 0.038461538461538464 0.08668870192307693
0 0.3076923076923077 0.16346153846153846 0.03365384615384615 0.02403846153846154
0 0.054086538461538464 0.021634615384615384 0.10809795673076923 0.033578725961538464
0 0.08653846153846154 0.4879807692307692 0.17307692307692307 0.04326923076923077
0 0.08052884615384616 0.19831730769230768 0.15865384615384615 0.016902043269230768
0 0.4579326923076923 0.24278846153846154 0.0361328125 0.12995793269230768
0 0.31971153846153844 0.22235576923076922 0.09149639423076923 0.021559495192307692
0 0.4567307692307692 0.03245192307692308 0.15369591346153846 0.06475360576923077
0 0.3473557692307692 0.030048076923076924 0.026442307692307692 0.06009615384615385
0 0.3173076923076923 0.0829326923076923 0.08165564903846154 0.028846153846153848
0 0.2920673076923077 0.055288461538461536 0.01201923076923077 0.019381009615384616
0 0.6225961538461539 0.9314903846153846 0.014423076923076924 0.0889423076923077
0 0.6430288461538461 0.7271634615384616 0.011944110576923076 0.026442307692307692
0 0.5757211538461539 0.43028846153846156 0.021484375 0.019230769230769232
0 0.24278846153846154 0.8966346153846154 0.019305889423076924 0.023888221153846152
0 0.5829326923076923 0.12740384615384615 0.05521334134615385 0.014423076923076924
0 0.6213942307692307 0.07091346153846154 0.05055588942307692 0.07459435096153846
0 0.5637019230769231 0.06490384615384616 0.0361328125 0.014423076923076924
0 0.20673076923076922 0.3641826923076923 0.009765625 0.01201923076923077
0 0.22596153846153846 0.3954326923076923 0.009540264423076924 0.06497896634615384
0 0.11538461538461539 0.038461538461538464 0.057767427884615384 0.07684795673076923
0 0.13581730769230768 0.16346153846153846 0.021634615384615384 0.03861177884615385
0 0.19230769230769232 0.042067307692307696 0.08646334134615384 0.07211538461538461
0 0.20192307692307693 0.09254807692307693 0.014498197115384616 0.014423076923076924
0 0.46274038461538464 0.1201923076923077 0.052884615384615384 0.04807692307692308
0 0.5300480769230769 0.18629807692307693 0.026517427884615384 0.01201923076923077
0 0.4026442307692308 0.109375 0.040940504807692304 0.021709735576923076
0 0.3269230769230769 0.12139423076923077 0.01434795673076923 0.011944110576923076
0 0.42908653846153844 0.203125 0.019230769230769232 0.007211538461538462
0 0.18870192307692307 0.8401442307692307 0.04567307692307692 0.03125
0 0.171875 0.8137019230769231 0.19486177884615385 0.026442307692307692
0 0.08533653846153846 0.6382211538461539 0.16826923076923078 0.014423076923076924
0 0.03245192307692308 0.8653846153846154 0.06482872596153846 0.038461538461538464
0 0.014423076923076924 0.5829326923076923 0.028545673076923076 0.021484375
0 0.019230769230769232 0.6165865384615384 0.03831129807692308 0.03125