0 0.9266826923076923 0.3016826923076923 0.028846153846153848 0.2619441105769231
0 0.8762019230769231 0.5144230769230769 0.04807692307692308 0.15865384615384615
0 0.90625 0.21754807692307693 0.1730018028846154 0.0938251201923077
0 0.7055288461538461 0.09615384615384616 0.1609825721153846 0.057767427884615384
0 0.625 0.25 0.1349158653846154 0.23046875
0 0.37259615384615385 0.026442307692307692 0.10081129807692307 0.024113581730769232
0 0.46033653846153844 0.28846153846153844 0.13221153846153846 0.03838641826923077
0 0.6911057692307693 0.5540865384615384 0.13694411057692307 0.12252103365384616
0 0.5817307692307693 0.8052884615384616 0.057992788461538464 0.024188701923076924
0 0.5504807692307693 0.7668269230769231 0.07204026442307693 0.03350360576923077
0 0.39302884615384615 0.5516826923076923 0.20432692307692307 0.1034405048076923
0 0.3293269230769231 0.9350961538461539 0.033578725961538464 0.038461538461538464
0 0.27163461538461536 0.43149038461538464 0.052884615384615384 0.13221153846153846
0 0.2620192307692308 0.46634615384615385 0.057767427884615384 0.23091947115384615
0 0.22716346153846154 0.08774038461538461 0.036057692307692304 0.026442307692307692
0 0.06971153846153846 0.33413461538461536 0.072265625 0.03350360576923077
0 0.13341346153846154 0.5625 0.0888671875 0.08668870192307693
0 0.18629807692307693 0.8149038461538461 0.09375 0.07211538461538461
0 0.15504807692307693 0.8365384615384616 0.05536358173076923 0.1297325721153846
0 0.09014423076923077 0.7932692307692307 0.18021334134615385 0.2741135817307692