0 0.6274038461538461 0.20432692307692307 0.18742487980769232 0.15880408653846154
0 0.7451923076923077 0.36538461538461536 0.08653846153846154 0.13942307692307693
0 0.7728365384615384 0.0733173076923077 0.16105769230769232 0.10576923076923077
0 0.7139423076923077 0.11778846153846154 0.16338641826923078 0.08188100961538461
0 0.16466346153846154 0.04326923076923077 0.08413461538461539 0.08623798076923077
0 0.9723557692307693 0.03245192307692308 0.04807692307692308 0.038461538461538464
0 0.875 0.014423076923076924 0.05784254807692308 0.028846153846153848
0 0.8485576923076923 0.4074519230769231 0.0625 0.057692307692307696
0 0.3557692307692308 0.48677884615384615 0.15377103365384615 0.052884615384615384
0 0.23557692307692307 0.36177884615384615 0.24030949519230768 0.19478665865384615
0 0.4495192307692308 0.7860576923076923 0.177734375 0.052884615384615384
0 0.36658653846153844 0.546875 0.14655949519230768 0.17548076923076922
0 0.07692307692307693 0.6141826923076923 0.052884615384615384 0.23309795673076922
0 0.25 0.6213942307692307 0.12995793269230768 0.25255408653846156
0 0.24879807692307693 0.16826923076923078 0.10817307692307693 0.16361177884615385