0 0.1814903846153846 0.6081730769230769 0.07940204326923077 0.12980769230769232
0 0.5300480769230769 0.578125 0.23076923076923078 0.11283052884615384
0 0.4831730769230769 0.7163461538461539 0.14888822115384615 0.10096153846153846
0 0.7271634615384616 0.8329326923076923 0.1201923076923077 0.14903846153846154
0 0.8882211538461539 0.6670673076923077 0.036057692307692304 0.26675180288461536
0 0.8653846153846154 0.9387019230769231 0.048001802884615384 0.12252103365384616
0 0.3737980769230769 0.9639423076923077 0.1466346153846154 0.0673076923076923
0 0.5252403846153846 0.9567307692307693 0.026442307692307692 0.08173076923076923
0 0.3076923076923077 0.6730769230769231 0.115234375 0.18284254807692307
0 0.12620192307692307 0.8798076923076923 0.05048076923076923 0.14903846153846154
0 0.12379807692307693 0.7572115384615384 0.11763822115384616 0.1251502403846154
0 0.3581730769230769 0.8605769230769231 0.302734375 0.047926682692307696
0 0.6322115384615384 0.8004807692307693 0.29334435096153844 0.39896334134615385