0 0.5 0.7415865384615384 0.4374248798076923 0.0673076923076923
0 0.36658653846153844 0.5036057692307693 0.2956730769230769 0.06497896634615384
0 0.9387019230769231 0.4699519230769231 0.11786358173076923 0.18269230769230768
0 0.4879807692307692 0.5024038461538461 0.052884615384615384 0.14911358173076922
0 0.47596153846153844 0.6141826923076923 0.04807692307692308 0.016902043269230768
0 0.6177884615384616 0.6009615384615384 0.10584435096153846 0.11545973557692307
0 0.5853365384615384 0.5036057692307693 0.0889423076923077 0.036057692307692304
0 0.056490384615384616 0.07091346153846154 0.11298076923076923 0.14182692307692307
0 0.22716346153846154 0.3629807692307692 0.13694411057692307 0.29341947115384615
0 0.08533653846153846 0.32572115384615385 0.12732872596153846 0.3534405048076923
0 0.06129807692307692 0.7512019230769231 0.12259615384615384 0.46875
0 0.20552884615384615 0.7956730769230769 0.13228665865384615 0.09622896634615384
0 0.49399038461538464 0.4266826923076923 0.3678635817307692 0.04567307692307692
0 0.39663461538461536 0.109375 0.06219951923076923 0.2091346153846154
0 0.33533653846153844 0.08774038461538461 0.03590745192307692 0.17548076923076922
0 0.22115384615384615 0.10216346153846154 0.043344350961538464 0.20432692307692307
0 0.3329326923076923 0.30288461538461536 0.05521334134615385 0.18742487980769232
0 0.3016826923076923 0.036057692307692304 0.012169471153846154 0.06715745192307693
0 0.9254807692307693 0.8209134615384616 0.14888822115384615 0.3580979567307692
0 0.8173076923076923 0.7908653846153846 0.0625 0.22581129807692307
0 0.8617788461538461 0.7944711538461539 0.2763671875 0.07459435096153846
0 0.7475961538461539 0.36538461538461536 0.07181490384615384 0.22145432692307693
0 0.9447115384615384 0.24158653846153846 0.048001802884615384 0.07451923076923077
0 0.796875 0.02403846153846154 0.016751802884615384 0.043344350961538464
0 0.8269230769230769 0.016826923076923076 0.014573317307692308 0.03365384615384615
0 0.9867788461538461 0.1935096153846154 0.021634615384615384 0.06490384615384616