0 0.29086538461538464 0.038461538461538464 0.04296875 0.07692307692307693
0 0.46875 0.07692307692307693 0.01915564903846154 0.0674579326923077
0 0.875 0.2127403846153846 0.20673076923076922 0.41586538461538464
0 0.9723557692307693 0.15504807692307693 0.05048076923076923 0.11298076923076923
0 0.75 0.47836538461538464 0.16361177884615385 0.13454026442307693
0 0.7992788461538461 0.2920673076923077 0.026592548076923076 0.07436899038461539
0 0.9158653846153846 0.43149038461538464 0.05303485576923077 0.06963641826923077
0 0.5961538461538461 0.5901442307692307 0.0576171875 0.0888671875
0 0.45072115384615385 0.6237980769230769 0.026517427884615384 0.11538461538461539
0 0.5108173076923077 0.3557692307692308 0.011868990384615384 0.04341947115384615
0 0.41466346153846156 0.3293269230769231 0.14423076923076922 0.10576923076923077
0 0.04447115384615385 0.41225961538461536 0.04326923076923077 0.07932692307692307
0 0.46274038461538464 0.9194711538461539 0.04559795673076923 0.057692307692307696
0 0.25600961538461536 0.8197115384615384 0.17059795673076922 0.028846153846153848
0 0.6911057692307693 0.7463942307692307 0.09375 0.09848257211538461
0 0.9783653846153846 0.6971153846153846 0.043118990384615384 0.09630408653846154
0 0.009615384615384616 0.7584134615384616 0.01915564903846154 0.07459435096153846