0 0.9387019230769231 0.23918269230769232 0.06978665865384616 0.040865384615384616
0 0.890625 0.12980769230769232 0.21394230769230768 0.0673076923076923
0 0.8918269230769231 0.12379807692307693 0.21627103365384615 0.0985576923076923
0 0.7860576923076923 0.9627403846153846 0.29822716346153844 0.03125
0 0.6670673076923077 0.8581730769230769 0.17548076923076922 0.028996394230769232
0 0.7175480769230769 0.8990384615384616 0.18036358173076922 0.20177283653846154
0 0.6021634615384616 0.7115384615384616 0.07451923076923077 0.17322716346153846
0 0.7079326923076923 0.11298076923076923 0.14190204326923078 0.14918870192307693
0 0.5841346153846154 0.13581730769230768 0.22100360576923078 0.25961538461538464
0 0.6189903846153846 0.5240384615384616 0.06002103365384615 0.02892127403846154
0 0.2608173076923077 0.42908653846153844 0.16120793269230768 0.06956129807692307
0 0.2403846153846154 0.5564903846153846 0.23557692307692307 0.19966947115384615
0 0.2980769230769231 0.5516826923076923 0.3366887019230769 0.32211538461538464
0 0.25240384615384615 0.18629807692307693 0.2548828125 0.18028846153846154
0 0.24879807692307693 0.03365384615384615 0.15617487980769232 0.03372896634615385
0 0.28365384615384615 0.12259615384615384 0.3798076923076923 0.21649639423076922
0 0.17908653846153846 0.3269230769230769 0.09615384615384616 0.06715745192307693
0 0.8221153846153846 0.021634615384615384 0.07677283653846154 0.03350360576923077
0 0.9242788461538461 0.0733173076923077 0.040940504807692304 0.13942307692307693
0 0.5396634615384616 0.14423076923076922 0.31497896634615385 0.25
0 0.31009615384615385 0.051682692307692304 0.07692307692307693 0.0889423076923077
0 0.42908653846153844 0.06610576923076923 0.0938251201923077 0.09375