0 0.96875 0.44471153846153844 0.062424879807692304 0.04341947115384615
0 0.9747596153846154 0.6622596153846154 0.05033052884615385 0.059945913461538464
0 0.8185096153846154 0.5889423076923077 0.07940204326923077 0.06265024038461539
0 0.8389423076923077 0.71875 0.26938100961538464 0.3128004807692308
0 0.8365384615384616 0.5036057692307693 0.3221905048076923 0.14655949519230768
0 0.44471153846153844 0.29447115384615385 0.062424879807692304 0.06482872596153846
0 0.5637019230769231 0.45072115384615385 0.08420973557692307 0.07925180288461539
0 0.5661057692307693 0.40384615384615385 0.10329026442307693 0.014498197115384616
0 0.4074519230769231 0.4579326923076923 0.1971153846153846 0.14182692307692307
0 0.375 0.2439903846153846 0.10096153846153846 0.2548076923076923
0 0.20432692307692307 0.27163461538461536 0.038461538461538464 0.09119591346153846
0 0.11298076923076923 0.08533653846153846 0.15865384615384615 0.1658653846153846
0 0.038461538461538464 0.6334134615384616 0.07692307692307693 0.1707481971153846
0 0.3425480769230769 0.9579326923076923 0.2403846153846154 0.03365384615384615
0 0.34134615384615385 0.9411057692307693 0.2979266826923077 0.03365384615384615