0 0.7536057692307693 0.34615384615384615 0.10817307692307693 0.033804086538461536
0 0.9447115384615384 0.2824519230769231 0.10576923076923077 0.01201923076923077
0 0.8605769230769231 0.22596153846153846 0.11057692307692307 0.019381009615384616
0 0.18629807692307693 0.6021634615384616 0.13709435096153846 0.2669020432692308
0 0.8653846153846154 0.49759615384615385 0.048227163461538464 0.03831129807692308
0 0.5036057692307693 0.7536057692307693 0.2042518028846154 0.49038461538461536
0 0.1875 0.9555288461538461 0.03838641826923077 0.08653846153846154
0 0.02403846153846154 0.9567307692307693 0.04807692307692308 0.08173076923076923
0 0.3545673076923077 0.8305288461538461 0.014423076923076924 0.09375
0 0.9146634615384616 0.8233173076923077 0.026592548076923076 0.1560997596153846
0 0.6742788461538461 0.9603365384615384 0.0889423076923077 0.07925180288461539
0 0.9194711538461539 0.9615384615384616 0.021634615384615384 0.07684795673076923
0 0.030048076923076924 0.6334134615384616 0.06009615384615385 0.12259615384615384
0 0.9375 0.3557692307692308 0.1249248798076923 0.048227163461538464
0 0.7824519230769231 0.7391826923076923 0.007286658653846154 0.09848257211538461