0 0.24278846153846154 0.20072115384615385 0.10081129807692307 0.028846153846153848
0 0.41466346153846156 0.22956730769230768 0.08653846153846154 0.026442307692307692
0 0.5300480769230769 0.04326923076923077 0.09390024038461539 0.08653846153846154
0 0.8461538461538461 0.2283653846153846 0.10096153846153846 0.10569411057692307
0 0.9194711538461539 0.11298076923076923 0.04326923076923077 0.125
0 0.8257211538461539 0.3870192307692308 0.0673076923076923 0.16826923076923078
0 0.7283653846153846 0.6442307692307693 0.10096153846153846 0.2741135817307692
0 0.6334134615384616 0.8978365384615384 0.06978665865384616 0.1875
0 0.4987980769230769 0.8509615384615384 0.1513671875 0.10561899038461539
0 0.47115384615384615 0.4182692307692308 0.014498197115384616 0.2451171875
0 0.6262019230769231 0.6550480769230769 0.021559495192307692 0.12259615384615384
0 0.6971153846153846 0.09735576923076923 0.052884615384615384 0.1346153846153846