0 0.03245192307692308 0.47836538461538464 0.038461538461538464 0.1826171875
0 0.1346153846153846 0.34615384615384615 0.07211538461538461 0.08653846153846154
0 0.04447115384615385 0.875 0.0889423076923077 0.03861177884615385
0 0.1346153846153846 0.8052884615384616 0.052884615384615384 0.09600360576923077
0 0.14182692307692307 0.8677884615384616 0.0048828125 0.009615384615384616
0 0.16466346153846154 0.9423076923076923 0.10336538461538461 0.11057692307692307
0 0.09735576923076923 0.5516826923076923 0.060171274038461536 0.026517427884615384
0 0.15264423076923078 0.6165865384615384 0.055288461538461536 0.009615384615384616
0 0.33774038461538464 0.4362980769230769 0.03365384615384615 0.11793870192307693
0 0.3545673076923077 0.9579326923076923 0.06009615384615385 0.07932692307692307
0 0.36177884615384615 0.7355769230769231 0.019230769230769232 0.1778846153846154
0 0.2608173076923077 0.015625 0.002478966346153846 0.03125
0 0.1201923076923077 0.7728365384615384 0.0048828125 0.011944110576923076
0 0.5060096153846154 0.3173076923076923 0.028846153846153848 0.2594651442307692
0 0.5576923076923077 0.5072115384615384 0.019230769230769232 0.05303485576923077
0 0.5528846153846154 0.6105769230769231 0.009765625 0.14896334134615385
0 0.6346153846153846 0.46274038461538464 0.09630408653846154 0.040865384615384616
0 0.5144230769230769 0.5432692307692307 0.062424879807692304 0.01915564903846154
0 0.5997596153846154 0.5264423076923077 0.10576923076923077 0.014573317307692308
0 0.671875 0.5168269230769231 0.007211538461538462 0.005108173076923077
0 0.5192307692307693 0.8629807692307693 0.0674579326923077 0.22588641826923078
0 0.6550480769230769 0.9170673076923077 0.125 0.16346153846153846
0 0.7572115384615384 0.5612980769230769 0.01915564903846154 0.03365384615384615
0 0.7872596153846154 0.5925480769230769 0.14423076923076922 0.12252103365384616
0 0.8701923076923077 0.8004807692307693 0.07211538461538461 0.1876502403846154