0 0.16706730769230768 0.15264423076923078 0.1971153846153846 0.14670973557692307
0 0.25 0.3016826923076923 0.13934795673076922 0.0840594951923077
0 0.421875 0.14783653846153846 0.07459435096153846 0.13694411057692307
0 0.453125 0.05889423076923077 0.16826923076923078 0.021709735576923076
0 0.5649038461538461 0.34375 0.08158052884615384 0.125
0 0.7427884615384616 0.19230769230769232 0.047926682692307696 0.10561899038461539
0 0.8822115384615384 0.16105769230769232 0.04815204326923077 0.18742487980769232
0 0.8076923076923077 0.45913461538461536 0.09615384615384616 0.0576171875
0 0.45072115384615385 0.5480769230769231 0.06009615384615385 0.03365384615384615
0 0.3870192307692308 0.7043269230769231 0.15384615384615385 0.05295973557692308
0 0.5420673076923077 0.6766826923076923 0.057692307692307696 0.09375
0 0.7620192307692307 0.8137019230769231 0.13934795673076922 0.07459435096153846
0 0.5324519230769231 0.8653846153846154 0.0887920673076923 0.0625
0 0.7319711538461539 0.921875 0.09390024038461539 0.0887920673076923
0 0.20072115384615385 0.5240384615384616 0.04326923076923077 0.0721905048076923
0 0.11658653846153846 0.7007211538461539 0.0361328125 0.20920973557692307
0 0.6790865384615384 0.6959134615384616 0.10096153846153846 0.040940504807692304
0 0.609375 0.10817307692307693 0.050405649038461536 0.03853665865384615
0 0.2620192307692308 0.9495192307692307 0.0673076923076923 0.08646334134615384