0 0.6490384615384616 0.1346153846153846 0.20177283653846154 0.04807692307692308
0 0.3713942307692308 0.5180288461538461 0.045748197115384616 0.21867487980769232
0 0.6466346153846154 0.13221153846153846 0.17780949519230768 0.04815204326923077
0 0.39783653846153844 0.040865384615384616 0.031325120192307696 0.08173076923076923
0 0.31009615384615385 0.5528846153846154 0.033578725961538464 0.30776742788461536
0 0.8737980769230769 0.10336538461538461 0.0938251201923077 0.10081129807692307
0 0.9639423076923077 0.06850961538461539 0.07196514423076923 0.019230769230769232
0 0.7848557692307693 0.42788461538461536 0.052884615384615384 0.0674579326923077
0 0.484375 0.08173076923076923 0.09615384615384616 0.15377103365384615
0 0.36538461538461536 0.1045673076923077 0.014498197115384616 0.06963641826923077
0 0.171875 0.46033653846153844 0.0673076923076923 0.4375
0 0.07451923076923077 0.17067307692307693 0.08165564903846154 0.23542668269230768
0 0.2980769230769231 0.32572115384615385 0.057992788461538464 0.10817307692307693
0 0.38100961538461536 0.2091346153846154 0.028846153846153848 0.10561899038461539
0 0.1875 0.18389423076923078 0.0721905048076923 0.0888671875
0 0.3076923076923077 0.07091346153846154 0.08653846153846154 0.11778846153846154
0 0.22355769230769232 0.054086538461538464 0.052884615384615384 0.0888671875
0 0.2536057692307692 0.19951923076923078 0.04326923076923077 0.1153094951923077
0 0.16105769230769232 0.11298076923076923 0.057767427884615384 0.03350360576923077
0 0.5048076923076923 0.5084134615384616 0.033804086538461536 0.0673076923076923
0 0.4795673076923077 0.4387019230769231 0.0263671875 0.05055588942307692
0 0.421875 0.2620192307692308 0.04079026442307692 0.10111177884615384
0 0.4519230769230769 0.3557692307692308 0.02869591346153846 0.07211538461538461
0 0.4651442307692308 0.2512019230769231 0.04079026442307692 0.0888671875