0 0.6430288461538461 0.06009615384615385 0.016902043269230768 0.1201923076923077
0 0.7956730769230769 0.04927884615384615 0.024113581730769232 0.09848257211538461
0 0.8161057692307693 0.057692307692307696 0.0938251201923077 0.10576923076923077
0 0.1971153846153846 0.25721153846153844 0.3942307692307692 0.24549278846153846
0 0.4579326923076923 0.06610576923076923 0.4303635817307692 0.13221153846153846
0 0.5420673076923077 0.2956730769230769 0.12740384615384615 0.14911358173076922
0 0.3161057692307692 0.2776442307692308 0.478515625 0.271484375
0 0.9194711538461539 0.026442307692307692 0.0936748798076923 0.052809495192307696
0 0.9074519230769231 0.10817307692307693 0.18502103365384615 0.21627103365384615
0 0.8161057692307693 0.25 0.35336538461538464 0.10576923076923077
0 0.8617788461538461 0.4170673076923077 0.24286358173076922 0.05521334134615385
0 0.7379807692307693 0.1502403846153846 0.09119591346153846 0.031325120192307696
0 0.6105769230769231 0.17427884615384615 0.21634615384615385 0.07459435096153846
0 0.13581730769230768 0.038461538461538464 0.0987079326923077 0.072265625
0 0.10096153846153846 0.0829326923076923 0.09600360576923077 0.0936748798076923