0 0.1778846153846154 0.23677884615384615 0.1443810096153846 0.050631009615384616
0 0.4795673076923077 0.23317307692307693 0.15617487980769232 0.03350360576923077
0 0.32572115384615385 0.24158653846153846 0.1201923076923077 0.040940504807692304
0 0.5348557692307693 0.04567307692307692 0.07211538461538461 0.08158052884615384
0 0.6766826923076923 0.7992788461538461 0.12747896634615385 0.3894230769230769
0 0.8918269230769231 0.7067307692307693 0.19719050480769232 0.5864633413461539
0 0.9603365384615384 0.03485576923076923 0.07451923076923077 0.026442307692307692
0 0.6911057692307693 0.03365384615384615 0.09375 0.0673076923076923
0 0.4807692307692308 0.7439903846153846 0.13446514423076922 0.07459435096153846
0 0.3076923076923077 0.890625 0.16826923076923078 0.028846153846153848
0 0.78125 0.25 0.16841947115384615 0.1251502403846154
0 0.27524038461538464 0.1141826923076923 0.25247896634615385 0.06490384615384616