0 0.7800480769230769 0.8557692307692307 0.07451923076923077 0.28365384615384615
0 0.038461538461538464 0.390625 0.07692307692307693 0.10817307692307693
0 0.6009615384615384 0.8461538461538461 0.10096153846153846 0.30288461538461536
0 0.34975961538461536 0.04447115384615385 0.1466346153846154 0.0889423076923077
0 0.4795673076923077 0.09735576923076923 0.1201923076923077 0.10802283653846154
0 0.5853365384615384 0.02403846153846154 0.09134615384615384 0.043344350961538464
0 0.6514423076923077 0.054086538461538464 0.10111177884615384 0.10817307692307693
0 0.8473557692307693 0.6310096153846154 0.0625 0.16594050480769232
0 0.2283653846153846 0.34134615384615385 0.16819411057692307 0.009765625
0 0.31971153846153844 0.5276442307692307 0.014498197115384616 0.04567307692307692
0 0.38822115384615385 0.8293269230769231 0.16826923076923078 0.09119591346153846
0 0.3858173076923077 0.3269230769230769 0.14655949519230768 0.02403846153846154
0 0.41346153846153844 0.3004807692307692 0.0868389423076923 0.024188701923076924
0 0.8545673076923077 0.10096153846153846 0.04807692307692308 0.009615384615384616
0 0.8689903846153846 0.052884615384615384 0.10096153846153846 0.057542067307692304
0 0.6201923076923077 0.6466346153846154 0.02869591346153846 0.08653846153846154
0 0.515625 0.23197115384615385 0.2091346153846154 0.0987079326923077
0 0.703125 0.1935096153846154 0.1658653846153846 0.02403846153846154
0 0.4170673076923077 0.5733173076923077 0.15865384615384615 0.036057692307692304
0 0.45552884615384615 0.5300480769230769 0.24286358173076922 0.014423076923076924
0 0.7139423076923077 0.48677884615384615 0.26915564903846156 0.08413461538461539
0 0.9254807692307693 0.4254807692307692 0.09164663461538461 0.240234375
0 0.8425480769230769 0.5276442307692307 0.2042518028846154 0.06497896634615384