0 0.5216346153846154 0.6213942307692307 0.08188100961538461 0.1611328125
0 0.8485576923076923 0.5252403846153846 0.10096153846153846 0.13701923076923078
0 0.7884615384615384 0.6682692307692307 0.07692307692307693 0.28861177884615385
0 0.8557692307692307 0.8028846153846154 0.10576923076923077 0.134765625
0 0.9146634615384616 0.30408653846153844 0.052884615384615384 0.2283653846153846
0 0.35697115384615385 0.25240384615384615 0.17555588942307693 0.23069411057692307
0 0.3004807692307692 0.84375 0.028771033653846152 0.07196514423076923
0 0.6153846153846154 0.8786057692307693 0.09607872596153846 0.1346153846153846
0 0.6526442307692307 0.5420673076923077 0.0673076923076923 0.27163461538461536
0 0.19230769230769232 0.7295673076923077 0.05295973557692308 0.18028846153846154
0 0.051682692307692304 0.8966346153846154 0.060171274038461536 0.12026742788461539
0 0.16947115384615385 0.35336538461538464 0.31009615384615385 0.10576923076923077
0 0.36778846153846156 0.5228365384615384 0.03838641826923077 0.0625
0 0.9350961538461539 0.13341346153846154 0.03838641826923077 0.08901742788461539
0 0.1814903846153846 0.9399038461538461 0.10576923076923077 0.08203125
0 0.4074519230769231 0.984375 0.021634615384615384 0.026442307692307692
0 0.8497596153846154 0.9086538461538461 0.052884615384615384 0.18254206730769232
0 0.7980769230769231 0.9050480769230769 0.03853665865384615 0.18269230769230768
0 0.7668269230769231 0.453125 0.014272836538461538 0.021559495192307692
0 0.10096153846153846 0.037259615384615384 0.12980769230769232 0.06978665865384616
0 0.040865384615384616 0.5348557692307693 0.08173076923076923 0.07932692307692307
0 0.010817307692307692 0.484375 0.021634615384615384 0.11290564903846154
0 0.6754807692307693 0.8725961538461539 0.023963341346153848 0.1201923076923077
0 0.9555288461538461 0.609375 0.0888671875 0.02403846153846154
0 0.9591346153846154 0.8617788461538461 0.024338942307692308 0.15865384615384615
0 0.6225961538461539 0.7980769230769231 0.023888221153846152 0.019381009615384616