0 0.019230769230769232 0.004807692307692308 0.019080528846153848 0.009615384615384616
0 0.3485576923076923 0.02283653846153846 0.04326923076923077 0.040865384615384616
0 0.4807692307692308 0.19951923076923078 0.057692307692307696 0.09622896634615384
0 0.4026442307692308 0.31971153846153844 0.03590745192307692 0.057542067307692304
0 0.28966346153846156 0.5504807692307693 0.2762920673076923 0.3703425480769231
0 0.5757211538461539 0.23197115384615385 0.28365384615384615 0.24767127403846154
0 0.7043269230769231 0.02283653846153846 0.019381009615384616 0.040865384615384616
0 0.9375 0.19831730769230768 0.11545973557692307 0.04079026442307692
0 0.9230769230769231 0.12379807692307693 0.038461538461538464 0.021484375
0 0.5925480769230769 0.5324519230769231 0.021559495192307692 0.10824819711538461
0 0.7271634615384616 0.46875 0.12747896634615385 0.04341947115384615
0 0.8545673076923077 0.4387019230769231 0.08428485576923077 0.016676682692307692
0 0.5949519230769231 0.6983173076923077 0.016826923076923076 0.06971153846153846
0 0.5673076923076923 0.7487980769230769 0.019230769230769232 0.0263671875
0 0.5396634615384616 0.6971153846153846 0.011944110576923076 0.02403846153846154
0 0.48197115384615385 0.6358173076923077 0.016751802884615384 0.016751802884615384
0 0.5504807692307693 0.5600961538461539 0.019230769230769232 0.01915564903846154
0 0.7283653846153846 0.6754807692307693 0.06280048076923077 0.019230769230769232
0 0.8786057692307693 0.5985576923076923 0.016826923076923076 0.01915564903846154
0 0.7560096153846154 0.7596153846153846 0.021709735576923076 0.014423076923076924
0 0.8942307692307693 0.4855769230769231 0.043118990384615384 0.00946514423076923