0 0.18870192307692307 0.03245192307692308 0.050405649038461536 0.06482872596153846
0 0.4483173076923077 0.12379807692307693 0.14670973557692307 0.1034405048076923
0 0.15865384615384615 0.2091346153846154 0.115234375 0.1104266826923077
0 0.31490384615384615 0.33413461538461536 0.07204026442307693 0.03853665865384615
0 0.16346153846153846 0.515625 0.052884615384615384 0.14903846153846154
0 0.4266826923076923 0.47475961538461536 0.07211538461538461 0.09615384615384616
0 0.671875 0.25841346153846156 0.19478665865384615 0.13694411057692307
0 0.8990384615384616 0.39663461538461536 0.033804086538461536 0.23542668269230768
0 0.6959134615384616 0.5492788461538461 0.06497896634615384 0.11771334134615384
0 0.5865384615384616 0.6189903846153846 0.0673076923076923 0.028846153846153848
0 0.359375 0.7644230769230769 0.13942307692307693 0.024113581730769232
0 0.31490384615384615 0.9074519230769231 0.09600360576923077 0.007061298076923077
0 0.5745192307692307 0.8257211538461539 0.004657451923076923 0.07211538461538461
0 0.5697115384615384 0.8954326923076923 0.01434795673076923 0.06497896634615384
0 0.9074519230769231 0.859375 0.06978665865384616 0.02403846153846154
0 0.9711538461538461 0.8653846153846154 0.057542067307692304 0.009765625
0 0.8197115384615384 0.7980769230769231 0.028771033653846152 0.08165564903846154
0 0.8653846153846154 0.6430288461538461 0.019381009615384616 0.0625
0 0.8509615384615384 0.7127403846153846 0.01953125 0.04567307692307692
0 0.9038461538461539 0.5576923076923077 0.028545673076923076 0.0772235576923077
0 0.9326923076923077 0.4723557692307692 0.023888221153846152 0.06956129807692307
0 0.9411057692307693 0.41466346153846156 0.016826923076923076 0.04567307692307692
0 0.9747596153846154 0.34375 0.04567307692307692 0.14423076923076922