0 0.7427884615384616 0.6502403846153846 0.07692307692307693 0.17059795673076922
0 0.6033653846153846 0.7728365384615384 0.12980769230769232 0.03125
0 0.9350961538461539 0.6237980769230769 0.1297325721153846 0.04079026442307692
0 0.9495192307692307 0.5697115384615384 0.09615384615384616 0.35096153846153844
0 0.8557692307692307 0.33774038461538464 0.0625 0.22115384615384615
0 0.7908653846153846 0.11298076923076923 0.06265024038461539 0.22130408653846154
0 0.9122596153846154 0.10817307692307693 0.06002103365384615 0.21627103365384615
0 0.9639423076923077 0.296875 0.04807692307692308 0.16579026442307693
0 0.9771634615384616 0.21754807692307693 0.04559795673076923 0.031174879807692308
0 0.6694711538461539 0.06129807692307692 0.083984375 0.10096153846153846
0 0.3870192307692308 0.03365384615384615 0.10591947115384616 0.057692307692307696
0 0.13942307692307693 0.13221153846153846 0.057992788461538464 0.052584134615384616
0 0.23317307692307693 0.4423076923076923 0.1104266826923077 0.16346153846153846
0 0.20432692307692307 0.6730769230769231 0.10569411057692307 0.08638822115384616
0 0.27163461538461536 0.9447115384615384 0.062424879807692304 0.0576171875
0 0.3786057692307692 0.8461538461538461 0.0673076923076923 0.057767427884615384
0 0.8701923076923077 0.9699519230769231 0.0576171875 0.06002103365384615
0 0.5096153846153846 0.7019230769230769 0.023963341346153848 0.024113581730769232
0 0.6129807692307693 0.47836538461538464 0.014573317307692308 0.09607872596153846
0 0.49399038461538464 0.35697115384615385 0.12252103365384616 0.10336538461538461
0 0.4387019230769231 0.46634615384615385 0.08653846153846154 0.043344350961538464
0 0.5949519230769231 0.34975961538461536 0.03125 0.12252103365384616
0 0.43028846153846156 0.2860576923076923 0.019305889423076924 0.02403846153846154
0 0.71875 0.38461538461538464 0.023888221153846152 0.15369591346153846
0 0.3701923076923077 0.7596153846153846 0.028996394230769232 0.0868389423076923
0 0.16105769230769232 0.7824519230769231 0.10569411057692307 0.03125
0 0.25721153846153844 0.8497596153846154 0.01434795673076923 0.012094350961538462