0 0.23076923076923078 0.8497596153846154 0.04326923076923077 0.29574819711538464
0 0.12980769230769232 0.9507211538461539 0.15384615384615385 0.09375
0 0.11538461538461539 0.6526442307692307 0.10088641826923077 0.1611328125
0 0.140625 0.4326923076923077 0.07932692307692307 0.2741887019230769
0 0.25721153846153844 0.3425480769230769 0.048001802884615384 0.16594050480769232
0 0.3125 0.13701923076923078 0.04319411057692308 0.2546574519230769
0 0.4326923076923077 0.22716346153846154 0.04326923076923077 0.3821364182692308
0 0.5228365384615384 0.3605769230769231 0.05521334134615385 0.20192307692307693
0 0.44591346153846156 0.7716346153846154 0.09615384615384616 0.4519230769230769
0 0.3737980769230769 0.5949519230769231 0.1513671875 0.35096153846153844
0 0.22596153846153846 0.5793269230769231 0.10576923076923077 0.28846153846153844
0 0.3112980769230769 0.3737980769230769 0.026442307692307692 0.08901742788461539
0 0.039663461538461536 0.5612980769230769 0.07925180288461539 0.1971153846153846
0 0.5673076923076923 0.10216346153846154 0.04319411057692308 0.20432692307692307
0 0.7788461538461539 0.41466346153846156 0.4421574519230769 0.1346153846153846
0 0.65625 0.6117788461538461 0.15384615384615385 0.25961538461538464
0 0.5564903846153846 0.5444711538461539 0.04326923076923077 0.1201923076923077
0 0.5901442307692307 0.6983173076923077 0.1778846153846154 0.20192307692307693
0 0.6670673076923077 0.828125 0.16579026442307693 0.3388671875
0 0.8701923076923077 0.5060096153846154 0.2548076923076923 0.3173076923076923
0 0.052884615384615384 0.3004807692307692 0.0673828125 0.08173076923076923
0 0.14182692307692307 0.24519230769230768 0.05784254807692308 0.05784254807692308