0 0.859375 0.21754807692307693 0.11778846153846154 0.43509615384615385
0 0.6862980769230769 0.2403846153846154 0.0938251201923077 0.46138822115384615
0 0.12620192307692307 0.6418269230769231 0.2403846153846154 0.17803485576923078
0 0.09615384615384616 0.5024038461538461 0.16338641826923078 0.24992487980769232
0 0.3173076923076923 0.1622596153846154 0.24053485576923078 0.035982572115384616
0 0.32091346153846156 0.3137019230769231 0.23309795673076922 0.0673076923076923
0 0.5637019230769231 0.4951923076923077 0.13228665865384615 0.07692307692307693
0 0.47596153846153844 0.6117788461538461 0.11050180288461539 0.05536358173076923
0 0.4182692307692308 0.7007211538461539 0.22603665865384615 0.12267127403846154
0 0.6165865384615384 0.7956730769230769 0.11786358173076923 0.10584435096153846
0 0.7295673076923077 0.7235576923076923 0.05521334134615385 0.052734375
0 0.7704326923076923 0.6177884615384616 0.18982872596153846 0.08173076923076923
0 0.36899038461538464 0.06009615384615385 0.12747896634615385 0.1201923076923077
0 0.1935096153846154 0.0829326923076923 0.09848257211538461 0.09375
0 0.5012019230769231 0.2247596153846154 0.24767127403846154 0.06497896634615384
0 0.9627403846153846 0.24639423076923078 0.06971153846153846 0.0985576923076923