0 0.671875 0.5733173076923077 0.05543870192307692 0.24519230769230768
0 0.5132211538461539 0.5841346153846154 0.11305588942307693 0.1875
0 0.6382211538461539 0.9483173076923077 0.050405649038461536 0.07925180288461539
0 0.6033653846153846 0.9338942307692307 0.019230769230769232 0.11793870192307693
0 0.40865384615384615 0.859375 0.16331129807692307 0.12252103365384616
0 0.30288461538461536 0.8016826923076923 0.08173076923076923 0.24519230769230768
0 0.21754807692307693 0.4326923076923077 0.0263671875 0.14430588942307693
0 0.19591346153846154 0.6057692307692307 0.16090745192307693 0.07662259615384616
0 0.21634615384615385 0.6129807692307693 0.04815204326923077 0.23565204326923078
0 0.052884615384615384 0.6550480769230769 0.014498197115384616 0.17059795673076922
0 0.33533653846153844 0.9783653846153846 0.03125 0.04319411057692308
0 0.14543269230769232 0.9182692307692307 0.026592548076923076 0.0772235576923077
0 0.11778846153846154 0.9447115384615384 0.03372896634615385 0.10569411057692307
0 0.08533653846153846 0.9362980769230769 0.035982572115384616 0.12732872596153846