0 0.8545673076923077 0.3918269230769231 0.2860576923076923 0.23076923076923078
0 0.5853365384615384 0.140625 0.27403846153846156 0.27651742788461536
0 0.9002403846153846 0.6682692307692307 0.19471153846153846 0.09134615384615384
0 0.7235576923076923 0.5348557692307693 0.1875 0.17540564903846154
0 0.7079326923076923 0.40865384615384615 0.16346153846153846 0.0721905048076923
0 0.7007211538461539 0.765625 0.10824819711538461 0.28365384615384615
0 0.46033653846153844 0.8377403846153846 0.11290564903846154 0.31971153846153844
0 0.5564903846153846 0.5084134615384616 0.0889423076923077 0.34375
0 0.30408653846153844 0.8016826923076923 0.05055588942307692 0.3965594951923077
0 0.07211538461538461 0.71875 0.14415564903846154 0.22115384615384615
0 0.08173076923076923 0.59375 0.1443810096153846 0.20192307692307693
0 0.06129807692307692 0.28365384615384615 0.12252103365384616 0.1875
0 0.17548076923076922 0.35216346153846156 0.10111177884615384 0.291015625
0 0.38221153846153844 0.4230769230769231 0.07211538461538461 0.3701923076923077
0 0.2512019230769231 0.056490384615384616 0.026592548076923076 0.11298076923076923