0 0.9735576923076923 0.9002403846153846 0.052734375 0.045522836538461536
0 0.8185096153846154 0.1141826923076923 0.11298076923076923 0.05536358173076923
0 0.7884615384615384 0.35336538461538464 0.19719050480769232 0.09134615384615384
0 0.8329326923076923 0.9783653846153846 0.014423076923076924 0.04319411057692308
0 0.453125 0.7944711538461539 0.06482872596153846 0.06978665865384616
0 0.42788461538461536 0.15504807692307693 0.08668870192307693 0.06482872596153846
0 0.33533653846153844 0.265625 0.050631009615384616 0.031099759615384616
0 0.3870192307692308 0.056490384615384616 0.3173076923076923 0.021634615384615384
0 0.2247596153846154 0.5889423076923077 0.125 0.02892127403846154
0 0.25600961538461536 0.14783653846153846 0.10809795673076923 0.19951923076923078
0 0.734375 0.8341346153846154 0.05048076923076923 0.023737980769230768
0 0.5697115384615384 0.7019230769230769 0.1298828125 0.03372896634615385
0 0.4543269230769231 0.6141826923076923 0.1346153846153846 0.03590745192307692
0 0.2860576923076923 0.8425480769230769 0.05295973557692308 0.052884615384615384