0 0.36778846153846156 0.21754807692307693 0.004507211538461538 0.0025540865384615385
0 0.3269230769230769 0.1201923076923077 0.03372896634615385 0.18254206730769232
0 0.052884615384615384 0.07572115384615384 0.038161057692307696 0.026442307692307692
0 0.1814903846153846 0.15504807692307693 0.052884615384615384 0.11057692307692307
0 0.02283653846153846 0.29086538461538464 0.04567307692307692 0.10576923076923077
0 0.24879807692307693 0.4230769230769231 0.09615384615384616 0.03853665865384615
0 0.20072115384615385 0.7848557692307693 0.13694411057692307 0.07459435096153846
0 0.1778846153846154 0.8930288461538461 0.08638822115384616 0.07925180288461539
0 0.12379807692307693 0.6682692307692307 0.0888671875 0.02869591346153846
0 0.23798076923076922 0.6346153846153846 0.04807692307692308 0.07204026442307693
0 0.45913461538461536 0.7211538461538461 0.10569411057692307 0.08653846153846154
0 0.34615384615384615 0.8221153846153846 0.11553485576923077 0.033578725961538464
0 0.6310096153846154 0.7439903846153846 0.06482872596153846 0.040940504807692304
0 0.5793269230769231 0.5204326923076923 0.15377103365384615 0.03365384615384615
0 0.5961538461538461 0.24759615384615385 0.057542067307692304 0.1200420673076923
0 0.4543269230769231 0.2403846153846154 0.07211538461538461 0.15872896634615385
0 0.5973557692307693 0.11057692307692307 0.12259615384615384 0.06700721153846154