0 0.44591346153846156 0.8257211538461539 0.10809795673076923 0.08420973557692307
0 0.38341346153846156 0.5985576923076923 0.08901742788461539 0.13454026442307693
0 0.5 0.6105769230769231 0.1249248798076923 0.04815204326923077
0 0.7055288461538461 0.6322115384615384 0.25240384615384615 0.2355018028846154
0 0.5853365384615384 0.59375 0.041015625 0.08653846153846154
0 0.4266826923076923 0.6875 0.1083233173076923 0.052734375
0 0.7572115384615384 0.37740384615384615 0.14918870192307693 0.22611177884615385
0 0.9471153846153846 0.8293269230769231 0.08180588942307693 0.1826171875
0 0.9483173076923077 0.6622596153846154 0.0840594951923077 0.15144230769230768
0 0.8617788461538461 0.109375 0.12252103365384616 0.052884615384615384
0 0.8882211538461539 0.06370192307692307 0.06002103365384615 0.035982572115384616
0 0.8088942307692307 0.057692307692307696 0.04567307692307692 0.03365384615384615
0 0.7608173076923077 0.11177884615384616 0.031325120192307696 0.060171274038461536
0 0.4387019230769231 0.05889423076923077 0.18509615384615385 0.06963641826923077
0 0.46875 0.375 0.05295973557692308 0.09630408653846154
0 0.5793269230769231 0.1814903846153846 0.04326923076923077 0.03365384615384615
0 0.4266826923076923 0.17908653846153846 0.0840594951923077 0.02403846153846154
0 0.4807692307692308 0.265625 0.09630408653846154 0.021484375
0 0.734375 0.17067307692307693 0.1201923076923077 0.02403846153846154
0 0.7788461538461539 0.1201923076923077 0.028846153846153848 0.03861177884615385
0 0.3401442307692308 0.3786057692307692 0.17067307692307693 0.10096153846153846
0 0.5324519230769231 0.6502403846153846 0.0936748798076923 0.021559495192307692
0 0.7055288461538461 0.6706730769230769 0.05033052884615385 0.04296875
0 0.6526442307692307 0.6394230769230769 0.0888671875 0.019080528846153848
0 0.5360576923076923 0.5060096153846154 0.072265625 0.12740384615384615