0 0.34975961538461536 0.24879807692307693 0.038461538461538464 0.24278846153846154
0 0.2800480769230769 0.40625 0.038461538461538464 0.1346153846153846
0 0.3473557692307692 0.5697115384615384 0.045748197115384616 0.1297325721153846
0 0.5168269230769231 0.17067307692307693 0.062424879807692304 0.033804086538461536
0 0.5612980769230769 0.20072115384615385 0.026292067307692308 0.08909254807692307
0 0.7115384615384616 0.2439903846153846 0.11057692307692307 0.016902043269230768
0 0.734375 0.1971153846153846 0.050405649038461536 0.06723257211538461
0 0.6682692307692307 0.6370192307692307 0.1249248798076923 0.043344350961538464
0 0.9002403846153846 0.5036057692307693 0.03365384615384615 0.0985576923076923
0 0.8112980769230769 0.7896634615384616 0.15384615384615385 0.16346153846153846
0 0.7223557692307693 0.9362980769230769 0.31002103365384615 0.11786358173076923
0 0.5769230769230769 0.06610576923076923 0.009915865384615384 0.13206129807692307