0 0.07932692307692307 0.1658653846153846 0.15865384615384615 0.1775841346153846
0 0.11057692307692307 0.31850961538461536 0.22115384615384615 0.15632512019230768
0 0.4579326923076923 0.8305288461538461 0.07436899038461539 0.19951923076923078
0 0.3737980769230769 0.6310096153846154 0.16105769230769232 0.20192307692307693
0 0.2247596153846154 0.4074519230769231 0.17548076923076922 0.3053635817307692
0 0.8125 0.9675480769230769 0.052884615384615384 0.06009615384615385
0 0.6021634615384616 0.4326923076923077 0.055288461538461536 0.13942307692307693
0 0.8197115384615384 0.18269230769230768 0.16826923076923078 0.048001802884615384
0 0.8028846153846154 0.29447115384615385 0.18284254807692307 0.0361328125
0 0.7752403846153846 0.10336538461538461 0.15144230769230768 0.09127103365384616
0 0.6418269230769231 0.16826923076923078 0.08646334134615384 0.10584435096153846
0 0.5252403846153846 0.23798076923076922 0.052884615384615384 0.04807692307692308
0 0.37740384615384615 0.23557692307692307 0.07196514423076923 0.1875
0 0.5528846153846154 0.5985576923076923 0.19260817307692307 0.0673076923076923
0 0.6574519230769231 0.7319711538461539 0.15632512019230768 0.06978665865384616
0 0.5276442307692307 0.9543269230769231 0.0673076923076923 0.08653846153846154