0 0.9699519230769231 0.9086538461538461 0.01201923076923077 0.1778846153846154
0 0.7536057692307693 0.9387019230769231 0.026442307692307692 0.11778846153846154
0 0.9350961538461539 0.4170673076923077 0.014498197115384616 0.8294020432692307
0 0.8894230769230769 0.12259615384615384 0.03876201923076923 0.08653846153846154
0 0.7331730769230769 0.0829326923076923 0.0673076923076923 0.15144230769230768
0 0.8245192307692307 0.38341346153846156 0.10081129807692307 0.06009615384615385
0 0.7956730769230769 0.7151442307692307 0.028846153846153848 0.15129206730769232
0 0.6742788461538461 0.6754807692307693 0.03590745192307692 0.240234375
0 0.546875 0.03485576923076923 0.06978665865384616 0.04567307692307692
0 0.5060096153846154 0.6598557692307693 0.07451923076923077 0.08653846153846154
0 0.5673076923076923 0.2247596153846154 0.11072716346153846 0.026292067307692308
0 0.5889423076923077 0.5805288461538461 0.09134615384615384 0.15384615384615385
0 0.23557692307692307 0.021634615384615384 0.038461538461538464 0.03365384615384615
0 0.3004807692307692 0.21033653846153846 0.08158052884615384 0.03125
0 0.3004807692307692 0.5697115384615384 0.062424879807692304 0.05303485576923077
0 0.3233173076923077 0.5456730769230769 0.13942307692307693 0.11072716346153846
0 0.3449519230769231 0.9783653846153846 0.04326923076923077 0.04319411057692308
0 0.18269230769230768 0.8413461538461539 0.057767427884615384 0.019381009615384616
0 0.23677884615384615 0.7536057692307693 0.12740384615384615 0.04559795673076923
0 0.2764423076923077 0.8221153846153846 0.1826171875 0.024113581730769232
0 0.36778846153846156 0.9110576923076923 0.01434795673076923 0.10569411057692307
0 0.057692307692307696 0.6189903846153846 0.02892127403846154 0.04559795673076923
0 0.078125 0.23918269230769232 0.09615384615384616 0.24519230769230768