0 0.09014423076923077 0.02403846153846154 0.03365384615384615 0.02403846153846154
0 0.1466346153846154 0.18389423076923078 0.08180588942307693 0.014423076923076924
0 0.1502403846153846 0.20072115384615385 0.0888671875 0.021559495192307692
0 0.2824519230769231 0.13942307692307693 0.10576923076923077 0.1298828125
0 0.41346153846153844 0.09254807692307693 0.07662259615384616 0.17548076923076922
0 0.6057692307692307 0.055288461538461536 0.14393028846153846 0.03350360576923077
0 0.6165865384615384 0.008413461538461538 0.014423076923076924 0.016826923076923076
0 0.22235576923076922 0.3112980769230769 0.125 0.06009615384615385
0 0.48197115384615385 0.2608173076923077 0.10329026442307693 0.09375
0 0.6550480769230769 0.28125 0.06002103365384615 0.03365384615384615
0 0.3641826923076923 0.34615384615384615 0.09848257211538461 0.023963341346153848
0 0.4266826923076923 0.6141826923076923 0.08909254807692307 0.036057692307692304
0 0.6009615384615384 0.7223557692307693 0.1443810096153846 0.18494591346153846
0 0.46274038461538464 0.9447115384615384 0.12252103365384616 0.1104266826923077
0 0.5697115384615384 0.9471153846153846 0.08143028846153846 0.10096153846153846
0 0.25240384615384615 0.8173076923076923 0.12034254807692307 0.08180588942307693