0 0.055288461538461536 0.09975961538461539 0.0625751201923077 0.1875
0 0.2439903846153846 0.15745192307692307 0.17540564903846154 0.1707481971153846
0 0.27283653846153844 0.1658653846153846 0.09134615384615384 0.11989182692307693
0 0.24759615384615385 0.1658653846153846 0.1681189903846154 0.15857872596153846
0 0.4110576923076923 0.3798076923076923 0.15392127403846154 0.2693058894230769
0 0.4963942307692308 0.23197115384615385 0.03125 0.06971153846153846
0 0.11899038461538461 0.0733173076923077 0.0625 0.06009615384615385
0 0.08413461538461539 0.3076923076923077 0.1249248798076923 0.18254206730769232
0 0.0673076923076923 0.3137019230769231 0.07211538461538461 0.10096153846153846
0 0.20673076923076922 0.35336538461538464 0.1201923076923077 0.20665564903846154
0 0.10336538461538461 0.20793269230769232 0.03365384615384615 0.016676682692307692
0 0.12740384615384615 0.14182692307692307 0.057692307692307696 0.062424879807692304
0 0.3004807692307692 0.4098557692307692 0.06723257211538461 0.1971153846153846
0 0.18389423076923078 0.5612980769230769 0.22355769230769232 0.31009615384615385
0 0.16346153846153846 0.5408653846153846 0.028996394230769232 0.08646334134615384
0 0.10817307692307693 0.8653846153846154 0.038461538461538464 0.09127103365384616
0 0.3641826923076923 0.6514423076923077 0.06963641826923077 0.2549579326923077
0 0.4026442307692308 0.8894230769230769 0.016902043269230768 0.21642127403846154
0 0.21995192307692307 0.8798076923076923 0.007286658653846154 0.038461538461538464
0 0.5 0.6550480769230769 0.048001802884615384 0.24759615384615385
0 0.5817307692307693 0.6177884615384616 0.028846153846153848 0.11057692307692307
0 0.47115384615384615 0.6658653846153846 0.04807692307692308 0.03365384615384615
0 0.44711538461538464 0.6105769230769231 0.03853665865384615 0.1297325721153846
0 0.5384615384615384 0.8870192307692307 0.057542067307692304 0.2068810096153846
0 0.3137019230769231 0.8569711538461539 0.04071514423076923 0.27403846153846156
0 0.5360576923076923 0.2860576923076923 0.043118990384615384 0.06723257211538461
0 0.5192307692307693 0.17908653846153846 0.04807692307692308 0.09615384615384616
0 0.44711538461538464 0.06009615384615385 0.0625751201923077 0.08653846153846154
0 0.5216346153846154 0.3317307692307692 0.03838641826923077 0.07684795673076923
0 0.5829326923076923 0.3954326923076923 0.057692307692307696 0.05521334134615385
0 0.5925480769230769 0.28365384615384615 0.036057692307692304 0.052734375
0 0.5973557692307693 0.3545673076923077 0.03365384615384615 0.0673076923076923
0 0.5673076923076923 0.34375 0.01953125 0.024338942307692308
0 0.33413461538461536 0.06850961538461539 0.08653846153846154 0.0888671875
0 0.546875 0.6418269230769231 0.026592548076923076 0.07692307692307693
0 0.6045673076923077 0.6574519230769231 0.009615384615384616 0.014423076923076924
0 0.4110576923076923 0.7391826923076923 0.024188701923076924 0.11298076923076923
0 0.49399038461538464 0.06370192307692307 0.019230769230769232 0.12740384615384615
0 0.7415865384615384 0.12379807692307693 0.17067307692307693 0.083984375
0 0.7367788461538461 0.04927884615384615 0.08653846153846154 0.06009615384615385
0 0.8269230769230769 0.03485576923076923 0.10569411057692307 0.06482872596153846
0 0.8533653846153846 0.0829326923076923 0.08646334134615384 0.021634615384615384
0 0.8762019230769231 0.20432692307692307 0.14167668269230768 0.057542067307692304
0 0.6201923076923077 0.06850961538461539 0.03831129807692308 0.05536358173076923
0 0.6490384615384616 0.28725961538461536 0.08165564903846154 0.08420973557692307
0 0.6514423076923077 0.27524038461538464 0.04341947115384615 0.08173076923076923
0 0.6538461538461539 0.3473557692307692 0.07196514423076923 0.057692307692307696
0 0.9543269230769231 0.09735576923076923 0.07684795673076923 0.06009615384615385
0 0.9651442307692307 0.10817307692307693 0.026517427884615384 0.21153846153846154
0 0.5168269230769231 0.021634615384615384 0.023963341346153848 0.038461538461538464
0 0.75 0.671875 0.05295973557692308 0.39175180288461536
0 0.6213942307692307 0.6766826923076923 0.021634615384615384 0.03365384615384615
0 0.9338942307692307 0.33774038461538464 0.050631009615384616 0.05513822115384615
0 0.6826923076923077 0.21875 0.01915564903846154 0.03372896634615385