0 0.22596153846153846 0.2848557692307692 0.038161057692307696 0.2548076923076923
0 0.4987980769230769 0.38100961538461536 0.15384615384615385 0.12980769230769232
0 0.4567307692307692 0.1971153846153846 0.09134615384615384 0.10569411057692307
0 0.7463942307692307 0.14302884615384615 0.11298076923076923 0.271484375
0 0.6310096153846154 0.4182692307692308 0.0936748798076923 0.22596153846153846
0 0.5300480769230769 0.6694711538461539 0.0936748798076923 0.21867487980769232
0 0.5168269230769231 0.8401442307692307 0.1974158653846154 0.05033052884615385
0 0.3269230769230769 0.5012019230769231 0.16819411057692307 0.15384615384615385
0 0.4807692307692308 0.05048076923076923 0.028846153846153848 0.08646334134615384
0 0.8810096153846154 0.20673076923076922 0.15617487980769232 0.07684795673076923
0 0.4206730769230769 0.9338942307692307 0.047926682692307696 0.11283052884615384
0 0.5132211538461539 0.9302884615384616 0.031400240384615384 0.1104266826923077
0 0.5901442307692307 0.9338942307692307 0.041015625 0.11763822115384616
0 0.27524038461538464 0.7728365384615384 0.05048076923076923 0.08901742788461539