0 0.7091346153846154 0.10576923076923077 0.13957331730769232 0.14408052884615385
0 0.6081730769230769 0.3545673076923077 0.13469050480769232 0.040865384615384616
0 0.5564903846153846 0.13221153846153846 0.036057692307692304 0.024188701923076924
0 0.6153846153846154 0.5204326923076923 0.052884615384615384 0.038461538461538464
0 0.4014423076923077 0.6286057692307693 0.1298828125 0.15617487980769232
0 0.7091346153846154 0.11298076923076923 0.14911358173076922 0.14918870192307693
0 0.4230769230769231 0.23918269230769232 0.09127103365384616 0.1034405048076923
0 0.47115384615384615 0.06971153846153846 0.25961538461538464 0.13942307692307693
0 0.19951923076923078 0.14302884615384615 0.13942307692307693 0.0985576923076923
0 0.2283653846153846 0.057692307692307696 0.21627103365384615 0.10103665865384616
0 0.8762019230769231 0.11177884615384616 0.1609825721153846 0.0938251201923077
0 0.6165865384615384 0.35096153846153844 0.1201923076923077 0.028846153846153848
0 0.9483173076923077 0.24158653846153846 0.05521334134615385 0.03125
0 0.34615384615384615 0.5600961538461539 0.17322716346153846 0.22581129807692307
0 0.6201923076923077 0.5288461538461539 0.04837740384615385 0.014573317307692308
0 0.18269230769230768 0.25841346153846156 0.03365384615384615 0.06971153846153846
0 0.4639423076923077 0.21995192307692307 0.1778846153846154 0.15384615384615385
0 0.5793269230769231 0.19471153846153846 0.052734375 0.019305889423076924
0 0.6394230769230769 0.28125 0.08180588942307693 0.033578725961538464