0 0.1346153846153846 0.6225961538461539 0.09630408653846154 0.25
0 0.3004807692307692 0.4014423076923077 0.08188100961538461 0.15857872596153846
0 0.5036057692307693 0.3389423076923077 0.14655949519230768 0.10576923076923077
0 0.3762019230769231 0.1778846153846154 0.12747896634615385 0.240234375
0 0.6346153846153846 0.23076923076923078 0.07204026442307693 0.07684795673076923
0 0.08173076923076923 0.027644230769230768 0.16346153846153846 0.036057692307692304
0 0.026442307692307692 0.171875 0.052884615384615384 0.04567307692307692
0 0.0625 0.3954326923076923 0.125 0.10329026442307693
0 0.12620192307692307 0.9375 0.24759615384615385 0.1201923076923077
0 0.2403846153846154 0.8004807692307693 0.048227163461538464 0.057767427884615384
0 0.5108173076923077 0.8701923076923077 0.04326923076923077 0.2595402644230769
0 0.7211538461538461 0.4375 0.1201171875 0.033578725961538464
0 0.7992788461538461 0.30288461538461536 0.0985576923076923 0.07211538461538461
0 0.6021634615384616 0.14182692307692307 0.14903846153846154 0.03838641826923077
0 0.5180288461538461 0.609375 0.050631009615384616 0.014423076923076924
0 0.34975961538461536 0.7932692307692307 0.050631009615384616 0.125
0 0.8774038461538461 0.1141826923076923 0.02869591346153846 0.06490384615384616
0 0.9375 0.6069711538461539 0.1201923076923077 0.04567307692307692