0 0.24879807692307693 0.09615384615384616 0.06002103365384615 0.08653846153846154
0 0.22115384615384615 0.1346153846153846 0.1297325721153846 0.028846153846153848
0 0.29447115384615385 0.6838942307692307 0.17067307692307693 0.16579026442307693
0 0.19471153846153846 0.8269230769230769 0.38927283653846156 0.1251502403846154
0 0.4855769230769231 0.9603365384615384 0.08173076923076923 0.07692307692307693
0 0.07451923076923077 0.17307692307692307 0.028846153846153848 0.34615384615384615
0 0.04326923076923077 0.10096153846153846 0.08165564903846154 0.1298828125
0 0.46274038461538464 0.18389423076923078 0.12980769230769232 0.14197716346153846
0 0.515625 0.019230769230769232 0.07451923076923077 0.038461538461538464
0 0.3954326923076923 0.4074519230769231 0.031325120192307696 0.0938251201923077
0 0.22956730769230768 0.36899038461538464 0.12980769230769232 0.021634615384615384
0 0.6995192307692307 0.06971153846153846 0.08668870192307693 0.08653846153846154
0 0.8725961538461539 0.018028846153846152 0.10096153846153846 0.036057692307692304
0 0.7584134615384616 0.7211538461538461 0.09375 0.19245793269230768
0 0.9387019230769231 0.6081730769230769 0.09615384615384616 0.11065204326923077
0 0.5757211538461539 0.5793269230769231 0.17307692307692307 0.03853665865384615