0 0.15384615384615385 0.3076923076923077 0.03838641826923077 0.06723257211538461
0 0.4110576923076923 0.09495192307692307 0.1730018028846154 0.0840594951923077
0 0.3737980769230769 0.5288461538461539 0.05513822115384615 0.09585336538461539
0 0.3173076923076923 0.6298076923076923 0.0625751201923077 0.115234375
0 0.38822115384615385 0.2848557692307692 0.16594050480769232 0.13942307692307693
0 0.23197115384615385 0.41947115384615385 0.14190204326923078 0.1417518028846154
0 0.6286057692307693 0.5757211538461539 0.11057692307692307 0.07436899038461539
0 0.8870192307692307 0.4519230769230769 0.03838641826923077 0.1394981971153846
0 0.8966346153846154 0.9591346153846154 0.07692307692307693 0.07692307692307693
0 0.6213942307692307 0.8737980769230769 0.20432692307692307 0.25232872596153844
0 0.9519230769230769 0.09975961538461539 0.09607872596153846 0.19951923076923078
0 0.18389423076923078 0.23918269230769232 0.012094350961538462 0.031325120192307696
0 0.9362980769230769 0.8341346153846154 0.07925180288461539 0.15880408653846154