0 0.8762019230769231 0.4254807692307692 0.04807692307692308 0.2019981971153846
0 0.2439903846153846 0.5793269230769231 0.1513671875 0.10576923076923077
0 0.5612980769230769 0.6141826923076923 0.08909254807692307 0.16571514423076922
0 0.44711538461538464 0.8221153846153846 0.07677283653846154 0.057542067307692304
0 0.8040865384615384 0.7211538461538461 0.09615384615384616 0.05784254807692308
0 0.7367788461538461 0.46033653846153844 0.0673076923076923 0.1466346153846154
0 0.7163461538461539 0.25600961538461536 0.057767427884615384 0.05536358173076923
0 0.8425480769230769 0.19831730769230768 0.12740384615384615 0.14190204326923078
0 0.41346153846153844 0.4254807692307692 0.09600360576923077 0.15880408653846154
0 0.44471153846153844 0.3317307692307692 0.16346153846153846 0.03861177884615385
0 0.6177884615384616 0.3942307692307692 0.0625751201923077 0.07204026442307693
0 0.5432692307692307 0.9411057692307693 0.05295973557692308 0.11771334134615384
0 0.5396634615384616 0.9579326923076923 0.06978665865384616 0.0840594951923077
0 0.6790865384615384 0.9783653846153846 0.10096153846153846 0.043118990384615384
0 0.38822115384615385 0.9819711538461539 0.17067307692307693 0.035982572115384616
0 0.19471153846153846 0.7992788461538461 0.062424879807692304 0.11290564903846154
0 0.5528846153846154 0.057692307692307696 0.10103665865384616 0.11538461538461539
0 0.5588942307692307 0.04447115384615385 0.038461538461538464 0.04079026442307692
0 0.16706730769230768 0.040865384615384616 0.036057692307692304 0.08173076923076923
0 0.10216346153846154 0.19831730769230768 0.07459435096153846 0.125
0 0.4206730769230769 0.10817307692307693 0.14873798076923078 0.05303485576923077
0 0.7199519230769231 0.015625 0.03125 0.03125
0 0.6262019230769231 0.14783653846153846 0.021559495192307692 0.07451923076923077
0 0.8774038461538461 0.08774038461538461 0.043118990384615384 0.17540564903846154
0 0.3918269230769231 0.15504807692307693 0.14918870192307693 0.045748197115384616
0 0.5456730769230769 0.1466346153846154 0.04326923076923077 0.15369591346153846
0 0.30649038461538464 0.13221153846153846 0.07451923076923077 0.14408052884615385
0 0.35096153846153844 0.04326923076923077 0.03365384615384615 0.08188100961538461
0 0.11658653846153846 0.4411057692307692 0.10576923076923077 0.07459435096153846
0 0.2127403846153846 0.38100961538461536 0.09840745192307693 0.052884615384615384
0 0.16466346153846154 0.24519230769230768 0.10336538461538461 0.10576923076923077
0 0.9855769230769231 0.02403846153846154 0.028771033653846152 0.019381009615384616