0 0.3545673076923077 0.1778846153846154 0.2185997596153846 0.15369591346153846
0 0.6442307692307693 0.09735576923076923 0.10569411057692307 0.07459435096153846
0 0.9206730769230769 0.23677884615384615 0.10576923076923077 0.20432692307692307
0 0.6213942307692307 0.39302884615384615 0.1756310096153846 0.21394230769230768
0 0.734375 0.3293269230769231 0.1560997596153846 0.13957331730769232
0 0.8137019230769231 0.6574519230769231 0.12980769230769232 0.3102463942307692
0 0.09975961538461539 0.05889423076923077 0.19951923076923078 0.07932692307692307
0 0.08052884615384616 0.30408653846153844 0.1201923076923077 0.18028846153846154
0 0.04927884615384615 0.7067307692307693 0.05055588942307692 0.28861177884615385
0 0.2608173076923077 0.7704326923076923 0.0986328125 0.06009615384615385
0 0.46274038461538464 0.9302884615384616 0.0889423076923077 0.13934795673076922
0 0.8689903846153846 0.9411057692307693 0.18021334134615385 0.11771334134615384
0 0.5745192307692307 0.7211538461538461 0.043569711538461536 0.10096153846153846
0 0.5805288461538461 0.8377403846153846 0.08420973557692307 0.3244441105769231
0 0.3485576923076923 0.41947115384615385 0.04341947115384615 0.15384615384615385
0 0.21995192307692307 0.1045673076923077 0.031325120192307696 0.08901742788461539
0 0.5685096153846154 0.5252403846153846 0.17307692307692307 0.12732872596153846