0 0.15384615384615385 0.3076923076923077 0.03838641826923077 0.06723257211538461
0 0.4110576923076923 0.09495192307692307 0.17292668269230768 0.083984375
0 0.3737980769230769 0.5288461538461539 0.05521334134615385 0.09600360576923077
0 0.3173076923076923 0.6298076923076923 0.0625751201923077 0.115234375
0 0.38822115384615385 0.2848557692307692 0.166015625 0.13942307692307693
0 0.23197115384615385 0.41947115384615385 0.14197716346153846 0.14167668269230768
0 0.6286057692307693 0.5757211538461539 0.11057692307692307 0.07444411057692307
0 0.8870192307692307 0.4519230769230769 0.03838641826923077 0.1394981971153846
0 0.8966346153846154 0.9591346153846154 0.07692307692307693 0.07692307692307693
0 0.6213942307692307 0.8737980769230769 0.20432692307692307 0.25232872596153844
0 0.9519230769230769 0.09975961538461539 0.09607872596153846 0.19951923076923078
0 0.18389423076923078 0.23918269230769232 0.012169471153846154 0.031400240384615384
0 0.9362980769230769 0.8341346153846154 0.07925180288461539 0.15880408653846154