0 0.4326923076923077 0.1935096153846154 0.11050180288461539 0.25240384615384615
0 0.3389423076923077 0.4951923076923077 0.072265625 0.20207331730769232
0 0.5060096153846154 0.6598557692307693 0.036057692307692304 0.0888671875
0 0.41586538461538464 0.8870192307692307 0.08165564903846154 0.16819411057692307
0 0.65625 0.8617788461538461 0.11065204326923077 0.07940204326923077
0 0.6057692307692307 0.5060096153846154 0.07196514423076923 0.09840745192307693
0 0.7043269230769231 0.45913461538461536 0.06723257211538461 0.08158052884615384
0 0.7091346153846154 0.2776442307692308 0.023963341346153848 0.07940204326923077
0 0.7331730769230769 0.09134615384615384 0.24992487980769232 0.16834435096153846
0 0.8954326923076923 0.28846153846153844 0.0987079326923077 0.019381009615384616
0 0.8365384615384616 0.5829326923076923 0.014498197115384616 0.18509615384615385
0 0.9495192307692307 0.6298076923076923 0.01434795673076923 0.12980769230769232
0 0.27524038461538464 0.8557692307692307 0.055288461538461536 0.05784254807692308