0 0.6826923076923077 0.8942307692307693 0.13942307692307693 0.18269230769230768
0 0.06370192307692307 0.8653846153846154 0.10336538461538461 0.2451171875
0 0.23677884615384615 0.5528846153846154 0.031174879807692308 0.09615384615384616
0 0.6514423076923077 0.3641826923076923 0.27396334134615385 0.16594050480769232
0 0.33774038461538464 0.4519230769230769 0.18036358173076922 0.09630408653846154
0 0.44591346153846156 0.7524038461538461 0.09615384615384616 0.18269230769230768
0 0.5384615384615384 0.9158653846153846 0.09134615384615384 0.15872896634615385
0 0.390625 0.9266826923076923 0.036207932692307696 0.14197716346153846
0 0.5973557692307693 0.71875 0.16826923076923078 0.22603665865384615
0 0.2920673076923077 0.5288461538461539 0.06024639423076923 0.05303485576923077
0 0.30408653846153844 0.5865384615384616 0.0985576923076923 0.052884615384615384
0 0.6670673076923077 0.09975961538461539 0.2234825721153846 0.060171274038461536
0 0.6213942307692307 0.10096153846153846 0.37732872596153844 0.20192307692307693
0 0.3245192307692308 0.359375 0.05303485576923077 0.055288461538461536
0 0.37259615384615385 0.38341346153846156 0.048001802884615384 0.038461538461538464
0 0.28725961538461536 0.019230769230769232 0.2907902644230769 0.028846153846153848
0 0.8677884615384616 0.5649038461538461 0.12995793269230768 0.3268479567307692
0 0.7307692307692307 0.49038461538461536 0.07699819711538461 0.1923828125
0 0.6009615384615384 0.5288461538461539 0.047926682692307696 0.14430588942307693
0 0.5697115384615384 0.5853365384615384 0.04341947115384615 0.021484375
0 0.23677884615384615 0.8016826923076923 0.22115384615384615 0.2283653846153846
0 0.34375 0.7512019230769231 0.10111177884615384 0.0936748798076923
0 0.20192307692307693 0.41947115384615385 0.02403846153846154 0.03365384615384615