0 0.9627403846153846 0.10697115384615384 0.06971153846153846 0.2091346153846154
0 0.8641826923076923 0.24759615384615385 0.18269230769230768 0.4085036057692308
0 0.7211538461538461 0.5805288461538461 0.5241135817307693 0.2138671875
0 0.46153846153846156 0.8762019230769231 0.1346153846153846 0.12267127403846154
0 0.9014423076923077 0.9326923076923077 0.09119591346153846 0.09134615384615384
0 0.12139423076923077 0.4098557692307692 0.1346153846153846 0.1034405048076923
0 0.09735576923076923 0.5252403846153846 0.19471153846153846 0.06482872596153846
0 0.2644230769230769 0.2247596153846154 0.10081129807692307 0.083984375
0 0.5120192307692307 0.04927884615384615 0.115234375 0.09375
0 0.15504807692307693 0.14302884615384615 0.052884615384615384 0.06482872596153846
0 0.6826923076923077 0.8737980769230769 0.07211538461538461 0.24519230769230768
0 0.21153846153846154 0.8137019230769231 0.11568509615384616 0.2862079326923077
0 0.23918269230769232 0.07211538461538461 0.12252103365384616 0.1394981971153846