0 0.7860576923076923 0.12620192307692307 0.23572716346153846 0.13221153846153846
0 0.3713942307692308 0.12980769230769232 0.25 0.14415564903846154
0 0.6634615384615384 0.5396634615384616 0.19200721153846154 0.14182692307692307
0 0.9074519230769231 0.3173076923076923 0.1417518028846154 0.14896334134615385
0 0.7463942307692307 0.3545673076923077 0.13942307692307693 0.10809795673076923
0 0.9038461538461539 0.5432692307692307 0.10561899038461539 0.0772235576923077
0 0.32572115384615385 0.7752403846153846 0.17059795673076922 0.07932692307692307
0 0.40384615384615385 0.7175480769230769 0.16346153846153846 0.0936748798076923
0 0.06490384615384616 0.7475961538461539 0.0721905048076923 0.05295973557692308
0 0.11658653846153846 0.9387019230769231 0.04567307692307692 0.11778846153846154
0 0.4375 0.421875 0.2692307692307692 0.16594050480769232
0 0.13341346153846154 0.3161057692307692 0.2571364182692308 0.16826923076923078
0 0.29086538461538464 0.45552884615384615 0.1297325721153846 0.040940504807692304