0 0.5240384615384616 0.8581730769230769 0.11538461538461539 0.1104266826923077
0 0.47716346153846156 0.6622596153846154 0.03125 0.0673076923076923
0 0.7475961538461539 0.6862980769230769 0.057692307692307696 0.07925180288461539
0 0.6959134615384616 0.8064903846153846 0.045522836538461536 0.07466947115384616
0 0.8149038461538461 0.9387019230769231 0.02403846153846154 0.11778846153846154
0 0.9002403846153846 0.9423076923076923 0.11793870192307693 0.08668870192307693
0 0.7379807692307693 0.7463942307692307 0.07684795673076923 0.04326923076923077
0 0.8076923076923077 0.7223557692307693 0.052734375 0.13716947115384615
0 0.84375 0.7920673076923077 0.08203125 0.09390024038461539
0 0.9519230769230769 0.8701923076923077 0.038161057692307696 0.048227163461538464
0 0.8713942307692307 0.49158653846153844 0.09848257211538461 0.14182692307692307
0 0.9651442307692307 0.5733173076923077 0.0673076923076923 0.09840745192307693
0 0.9302884615384616 0.36899038461538464 0.02403846153846154 0.12267127403846154
0 0.9362980769230769 0.11177884615384616 0.016826923076923076 0.05521334134615385
0 0.5673076923076923 0.14543269230769232 0.12507512019230768 0.14190204326923078
0 0.43149038461538464 0.15985576923076922 0.11786358173076923 0.11305588942307693
0 0.3269230769230769 0.15745192307692307 0.02403846153846154 0.09848257211538461
0 0.18990384615384615 0.07211538461538461 0.009690504807692308 0.03838641826923077
0 0.15865384615384615 0.20793269230769232 0.03372896634615385 0.031325120192307696
0 0.234375 0.25600961538461536 0.06497896634615384 0.10336538461538461
0 0.08653846153846154 0.1201923076923077 0.052884615384615384 0.13454026442307693
0 0.15504807692307693 0.5108173076923077 0.026442307692307692 0.17307692307692307
0 0.07692307692307693 0.4723557692307692 0.019381009615384616 0.16346153846153846
0 0.078125 0.671875 0.031174879807692308 0.18990384615384615
0 0.14903846153846154 0.8701923076923077 0.024113581730769232 0.1201923076923077
0 0.25721153846153844 0.7584134615384616 0.09622896634615384 0.08413461538461539
0 0.28846153846153844 0.7884615384615384 0.15399639423076922 0.05295973557692308
0 0.24639423076923078 0.7043269230769231 0.11538461538461539 0.024188701923076924
0 0.42427884615384615 0.8173076923076923 0.019230769230769232 0.09600360576923077
0 0.43509615384615385 0.49759615384615385 0.03350360576923077 0.028771033653846152
0 0.5072115384615384 0.40024038461538464 0.08668870192307693 0.12244591346153846
0 0.41346153846153844 0.33533653846153844 0.057692307692307696 0.0840594951923077
0 0.35336538461538464 0.41947115384615385 0.06723257211538461 0.09134615384615384
0 0.5661057692307693 0.5877403846153846 0.021634615384615384 0.15144230769230768
0 0.6346153846153846 0.38221153846153844 0.052809495192307696 0.20658052884615385
0 0.7199519230769231 0.16947115384615385 0.03125 0.08653846153846154