0 0.5769230769230769 0.2644230769230769 0.10576923076923077 0.09622896634615384
0 0.34615384615384615 0.3641826923076923 0.09127103365384616 0.12267127403846154
0 0.1141826923076923 0.5901442307692307 0.21875 0.031325120192307696
0 0.18269230769230768 0.7524038461538461 0.13446514423076922 0.1006610576923077
0 0.037259615384615384 0.9555288461538461 0.06956129807692307 0.0887920673076923
0 0.46634615384615385 0.8870192307692307 0.1971153846153846 0.09142127403846154
0 0.40865384615384615 0.6706730769230769 0.10096153846153846 0.038461538461538464
0 0.625 0.47596153846153844 0.09607872596153846 0.11545973557692307
0 0.7716346153846154 0.3605769230769231 0.12026742788461539 0.057542067307692304
0 0.75 0.2824519230769231 0.11065204326923077 0.04079026442307692
0 0.7427884615384616 0.18509615384615385 0.08158052884615384 0.14918870192307693
0 0.9471153846153846 0.13341346153846154 0.10096153846153846 0.0986328125
0 0.39783653846153844 0.109375 0.1201923076923077 0.21875
0 0.7980769230769231 0.59375 0.06700721153846154 0.08203125
0 0.9002403846153846 0.7836538461538461 0.17540564903846154 0.0576171875