0 0.46274038461538464 0.6947115384615384 0.16346153846153846 0.052809495192307696
0 0.6682692307692307 0.7740384615384616 0.1201923076923077 0.09127103365384616
0 0.39783653846153844 0.4987980769230769 0.4110576923076923 0.057692307692307696
0 0.11298076923076923 0.7259615384615384 0.22596153846153846 0.08180588942307693
0 0.3918269230769231 0.8088942307692307 0.14408052884615385 0.10096153846153846
0 0.578125 0.6237980769230769 0.11298076923076923 0.11305588942307693
0 0.6394230769230769 0.5757211538461539 0.052884615384615384 0.13701923076923078
0 0.7704326923076923 0.6153846153846154 0.19230769230769232 0.03861177884615385
0 0.390625 0.421875 0.050631009615384616 0.02403846153846154
0 0.4206730769230769 0.4326923076923077 0.014573317307692308 0.0625
0 0.3942307692307692 0.5853365384615384 0.03838641826923077 0.014423076923076924
0 0.3557692307692308 0.5865384615384616 0.03831129807692308 0.019381009615384616
0 0.8076923076923077 0.41346153846153844 0.3654597355769231 0.0576171875
0 0.8473557692307693 0.7151442307692307 0.057692307692307696 0.06009615384615385
0 0.9399038461538461 0.7043269230769231 0.11538461538461539 0.125
0 0.7127403846153846 0.8858173076923077 0.11786358173076923 0.0936748798076923
0 0.10576923076923077 0.8858173076923077 0.20665564903846154 0.06971153846153846
0 0.2247596153846154 0.9651442307692307 0.055288461538461536 0.0673076923076923
0 0.33533653846153844 0.7391826923076923 0.2042518028846154 0.03365384615384615
0 0.4567307692307692 0.6382211538461539 0.11508413461538461 0.055288461538461536
0 0.4639423076923077 0.5420673076923077 0.04341947115384615 0.02403846153846154
0 0.4963942307692308 0.43149038461538464 0.021559495192307692 0.031174879807692308
0 0.3125 0.45072115384615385 0.028771033653846152 0.019230769230769232
0 0.09615384615384616 0.5240384615384616 0.18284254807692307 0.10096153846153846
0 0.1935096153846154 0.6141826923076923 0.13701923076923078 0.11538461538461539
0 0.025240384615384616 0.6394230769230769 0.040940504807692304 0.05295973557692308
0 0.03485576923076923 0.7908653846153846 0.05543870192307692 0.043118990384615384
0 0.5516826923076923 0.8858173076923077 0.16105769230769232 0.08413461538461539
0 0.6778846153846154 0.9699519230769231 0.0673076923076923 0.055288461538461536
0 0.7199519230769231 0.6778846153846154 0.125 0.08173076923076923
0 0.33052884615384615 0.4098557692307692 0.040940504807692304 0.016902043269230768
0 0.8473557692307693 0.8725961538461539 0.055288461538461536 0.04326923076923077
0 0.7620192307692307 0.8161057692307693 0.052734375 0.038461538461538464
0 0.7572115384615384 0.9819711538461539 0.0576171875 0.035982572115384616
0 0.33774038461538464 0.8990384615384616 0.23332331730769232 0.033804086538461536
0 0.5612980769230769 0.7956730769230769 0.08413461538461539 0.07204026442307693
0 0.7367788461538461 0.5300480769230769 0.13942307692307693 0.021559495192307692
0 0.8305288461538461 0.4579326923076923 0.026442307692307692 0.035982572115384616