0 0.47716346153846156 0.12259615384615384 0.21394230769230768 0.024113581730769232
0 0.703125 0.20552884615384615 0.14903846153846154 0.026517427884615384
0 0.8954326923076923 0.18870192307692307 0.09615384615384616 0.2669020432692308
0 0.8509615384615384 0.41466346153846156 0.14423076923076922 0.12267127403846154
0 0.4951923076923077 0.6790865384615384 0.20184795673076922 0.08413461538461539
0 0.12740384615384615 0.6454326923076923 0.07699819711538461 0.08901742788461539
0 0.3293269230769231 0.8365384615384616 0.023888221153846152 0.13469050480769232
0 0.26802884615384615 0.2824519230769231 0.0361328125 0.18036358173076922
0 0.5192307692307693 0.41586538461538464 0.06715745192307693 0.052584134615384616
0 0.46033653846153844 0.4423076923076923 0.016902043269230768 0.023963341346153848
0 0.4170673076923077 0.3173076923076923 0.021709735576923076 0.02869591346153846
0 0.47716346153846156 0.4387019230769231 0.04567307692307692 0.09359975961538461
0 0.4411057692307692 0.36538461538461536 0.021634615384615384 0.03831129807692308