0 0.5853365384615384 0.28365384615384615 0.17067307692307693 0.20177283653846154
0 0.7451923076923077 0.5144230769230769 0.10591947115384616 0.1200420673076923
0 0.8533653846153846 0.4182692307692308 0.125 0.10591947115384616
0 0.9435096153846154 0.5685096153846154 0.10817307692307693 0.12740384615384615
0 0.5877403846153846 0.5853365384615384 0.026442307692307692 0.24271334134615385
0 0.4651442307692308 0.6213942307692307 0.07451923076923077 0.23076923076923078
0 0.3762019230769231 0.49158653846153844 0.045823317307692304 0.2185997596153846
0 0.24879807692307693 0.3016826923076923 0.06009615384615385 0.1466346153846154
0 0.24639423076923078 0.07932692307692307 0.07451923076923077 0.15865384615384615
0 0.7584134615384616 0.1310096153846154 0.031174879807692308 0.12740384615384615
0 0.44350961538461536 0.0625 0.05048076923076923 0.125
0 0.2548076923076923 0.6875 0.03831129807692308 0.16361177884615385
0 0.4182692307692308 0.9399038461538461 0.028846153846153848 0.11538461538461539
0 0.16466346153846154 0.9146634615384616 0.07211538461538461 0.15632512019230768
0 0.8858173076923077 0.9038461538461539 0.040865384615384616 0.1201923076923077