0 0.9663461538461539 0.038461538461538464 0.028846153846153848 0.047926682692307696
0 0.9110576923076923 0.13341346153846154 0.10096153846153846 0.031174879807692308
0 0.7331730769230769 0.23557692307692307 0.10569411057692307 0.26908052884615385
0 0.7872596153846154 0.5252403846153846 0.036057692307692304 0.1707481971153846
0 0.7764423076923077 0.5252403846153846 0.033804086538461536 0.17307692307692307
0 0.6935096153846154 0.41346153846153844 0.03125 0.028996394230769232
0 0.6538461538461539 0.7115384615384616 0.009540264423076924 0.0673076923076923
0 0.6189903846153846 0.36899038461538464 0.045748197115384616 0.035982572115384616
0 0.5108173076923077 0.49158653846153844 0.041015625 0.026442307692307692
0 0.7175480769230769 0.8341346153846154 0.10336538461538461 0.033804086538461536
0 0.6430288461538461 0.5685096153846154 0.040940504807692304 0.10817307692307693
0 0.47836538461538464 0.7271634615384616 0.0721905048076923 0.13694411057692307
0 0.6382211538461539 0.10216346153846154 0.07459435096153846 0.08173076923076923
0 0.5288461538461539 0.27403846153846156 0.014573317307692308 0.057992788461538464
0 0.4735576923076923 0.28846153846153844 0.02403846153846154 0.1298828125
0 0.4423076923076923 0.2620192307692308 0.023963341346153848 0.13469050480769232
0 0.3317307692307692 0.24519230769230768 0.13454026442307693 0.028996394230769232
0 0.33413461538461536 0.5420673076923077 0.07699819711538461 0.15617487980769232
0 0.49038461538461536 0.13942307692307693 0.16338641826923078 0.20680588942307693
0 0.3545673076923077 0.45552884615384615 0.16579026442307693 0.026517427884615384
0 0.34375 0.31490384615384615 0.17780949519230768 0.038461538461538464
0 0.23677884615384615 0.1935096153846154 0.07692307692307693 0.28846153846153844
0 0.21153846153846154 0.3581730769230769 0.2981520432692308 0.16353665865384615
0 0.17427884615384615 0.7115384615384616 0.13701923076923078 0.07211538461538461
0 0.08653846153846154 0.16466346153846154 0.03853665865384615 0.13221153846153846
0 0.04326923076923077 0.09735576923076923 0.08653846153846154 0.08173076923076923
0 0.040865384615384616 0.34975961538461536 0.06280048076923077 0.1201923076923077
0 0.09134615384615384 0.5612980769230769 0.17795973557692307 0.13942307692307693