0 0.6935096153846154 0.09975961538461539 0.15625 0.1513671875
0 0.5120192307692307 0.07091346153846154 0.10081129807692307 0.07444411057692307
0 0.9314903846153846 0.11658653846153846 0.03125 0.1034405048076923
0 0.7235576923076923 0.2776442307692308 0.09622896634615384 0.057692307692307696
0 0.7055288461538461 0.5384615384615384 0.04567307692307692 0.1971153846153846
0 0.9519230769230769 0.3449519230769231 0.09134615384615384 0.11298076923076923
0 0.45552884615384615 0.59375 0.1034405048076923 0.11050180288461539
0 0.9134615384615384 0.5889423076923077 0.03853665865384615 0.22122896634615385
0 0.6298076923076923 0.7848557692307693 0.06723257211538461 0.1658653846153846
0 0.5192307692307693 0.9122596153846154 0.13942307692307693 0.17067307692307693
0 0.84375 0.9519230769230769 0.038461538461538464 0.09134615384615384
0 0.8894230769230769 0.9170673076923077 0.052884615384615384 0.1513671875
0 0.9651442307692307 0.9495192307692307 0.06490384615384616 0.09615384615384616
0 0.9242788461538461 0.9134615384615384 0.04326923076923077 0.16361177884615385
0 0.7295673076923077 0.9507211538461539 0.06475360576923077 0.041015625
0 0.4651442307692308 0.32572115384615385 0.07932692307692307 0.07211538461538461
0 0.33413461538461536 0.17067307692307693 0.1249248798076923 0.057692307692307696
0 0.34375 0.2848557692307692 0.1153094951923077 0.15144230769230768
0 0.2824519230769231 0.09495192307692307 0.08413461538461539 0.052884615384615384
0 0.21153846153846154 0.34615384615384615 0.12980769230769232 0.11553485576923077
0 0.3737980769230769 0.4675480769230769 0.04807692307692308 0.18036358173076922
0 0.15384615384615385 0.5144230769230769 0.07684795673076923 0.16331129807692307
0 0.5733173076923077 0.21754807692307693 0.04326923076923077 0.11538461538461539