0 0.3605769230769231 0.921875 0.08653846153846154 0.15144230769230768
0 0.44711538461538464 0.7223557692307693 0.10591947115384616 0.050405649038461536
0 0.18269230769230768 0.5072115384615384 0.21627103365384615 0.03853665865384615
0 0.38461538461538464 0.6274038461538461 0.34615384615384615 0.1200420673076923
0 0.7151442307692307 0.7560096153846154 0.36538461538461536 0.040865384615384616
0 0.6286057692307693 0.18028846153846154 0.10329026442307693 0.07211538461538461
0 0.5348557692307693 0.13822115384615385 0.12267127403846154 0.06482872596153846
0 0.48677884615384615 0.8665865384615384 0.11771334134615384 0.06497896634615384
0 0.25600961538461536 0.7932692307692307 0.28125 0.072265625
0 0.7055288461538461 0.38461538461538464 0.15617487980769232 0.10591947115384616
0 0.5612980769230769 0.2980769230769231 0.17067307692307693 0.09615384615384616
0 0.3918269230769231 0.23317307692307693 0.23565204326923078 0.0625
0 0.5901442307692307 0.040865384615384616 0.19005408653846154 0.033804086538461536
0 0.2764423076923077 0.3112980769230769 0.16841947115384615 0.10809795673076923
0 0.828125 0.6442307692307693 0.07932692307692307 0.08653846153846154
0 0.9182692307692307 0.5456730769230769 0.1201171875 0.14415564903846154
0 0.6826923076923077 0.13581730769230768 0.16331129807692307 0.060171274038461536
0 0.8125 0.22355769230769232 0.1875 0.09127103365384616
0 0.3485576923076923 0.05889423076923077 0.17780949519230768 0.07211538461538461
0 0.9230769230769231 0.05048076923076923 0.10591947115384616 0.06265024038461539
0 0.8088942307692307 0.05889423076923077 0.14903846153846154 0.083984375
0 0.6045673076923077 0.515625 0.1971153846153846 0.06971153846153846
0 0.9314903846153846 0.8713942307692307 0.08653846153846154 0.13228665865384615
0 0.8629807692307693 0.7560096153846154 0.08173076923076923 0.12732872596153846
0 0.25240384615384615 0.10216346153846154 0.12034254807692307 0.0625
0 0.40024038461538464 0.16466346153846154 0.14182692307692307 0.059945913461538464