0 0.07692307692307693 0.16826923076923078 0.15384615384615385 0.14903846153846154
0 0.24278846153846154 0.18629807692307693 0.08165564903846154 0.2860576923076923
0 0.25 0.7632211538461539 0.1922325721153846 0.20440204326923078
0 0.3088942307692308 0.09014423076923077 0.0888671875 0.06971153846153846
0 0.5276442307692307 0.3317307692307692 0.02403846153846154 0.13454026442307693
0 0.6706730769230769 0.30288461538461536 0.052884615384615384 0.3076923076923077
0 0.7896634615384616 0.203125 0.14190204326923078 0.05048076923076923
0 0.9254807692307693 0.4026442307692308 0.14896334134615385 0.052884615384615384
0 0.7391826923076923 0.40024038461538464 0.0263671875 0.2956730769230769
0 0.7103365384615384 0.36778846153846156 0.031400240384615384 0.35561899038461536
0 0.6009615384615384 0.7091346153846154 0.4325420673076923 0.5815805288461539
0 0.5949519230769231 0.7415865384615384 0.8099459134615384 0.021484375
0 0.9495192307692307 0.984375 0.04341947115384615 0.031174879807692308
0 0.36778846153846156 0.4387019230769231 0.10096153846153846 0.2138671875
0 0.9182692307692307 0.6983173076923077 0.16338641826923078 0.011944110576923076