0 0.14182692307692307 0.027644230769230768 0.10096153846153846 0.055288461538461536
0 0.6201923076923077 0.15625 0.03831129807692308 0.1826171875
0 0.8677884615384616 0.23677884615384615 0.24534254807692307 0.21394230769230768
0 0.8076923076923077 0.08413461538461539 0.08623798076923077 0.0674579326923077
0 0.21153846153846154 0.65625 0.03831129807692308 0.15384615384615385
0 0.42427884615384615 0.5961538461538461 0.12747896634615385 0.13454026442307693
0 0.5264423076923077 0.46153846153846156 0.07204026442307693 0.03838641826923077
0 0.7295673076923077 0.5949519230769231 0.20432692307692307 0.0263671875
0 0.4411057692307692 0.08653846153846154 0.08428485576923077 0.03365384615384615
0 0.12259615384615384 0.4639423076923077 0.05303485576923077 0.03372896634615385
0 0.5048076923076923 0.2956730769230769 0.0576171875 0.03853665865384615