0 0.40625 0.22716346153846154 0.08143028846153846 0.10321514423076923
0 0.4651442307692308 0.24158653846153846 0.04559795673076923 0.0985576923076923
0 0.5949519230769231 0.26322115384615385 0.03125 0.07940204326923077
0 0.7151442307692307 0.17908653846153846 0.05513822115384615 0.13716947115384615
0 0.8425480769230769 0.24879807692307693 0.09375 0.11298076923076923
0 0.4014423076923077 0.3786057692307692 0.17803485576923078 0.055288461538461536
0 0.6334134615384616 0.3629807692307692 0.13221153846153846 0.11538461538461539
0 0.6670673076923077 0.45913461538461536 0.03125 0.12980769230769232
0 0.4423076923076923 0.5865384615384616 0.16376201923076922 0.1201923076923077
0 0.6189903846153846 0.6574519230769231 0.06963641826923077 0.10824819711538461
0 0.8293269230769231 0.5600961538461539 0.07204026442307693 0.1778846153846154
0 0.7596153846153846 0.6682692307692307 0.23076923076923078 0.17315204326923078
0 0.9350961538461539 0.8581730769230769 0.06723257211538461 0.13927283653846154
0 0.6790865384615384 0.8834134615384616 0.18990384615384615 0.14182692307692307
0 0.36778846153846156 0.7512019230769231 0.004957932692307692 0.09134615384615384
0 0.34134615384615385 0.7295673076923077 0.03861177884615385 0.031174879807692308
0 0.39302884615384615 0.42788461538461536 0.09375 0.009615384615384616
0 0.23677884615384615 0.5552884615384616 0.009615384615384616 0.0625751201923077
0 0.1935096153846154 0.2824519230769231 0.06490384615384616 0.04559795673076923
0 0.23798076923076922 0.7115384615384616 0.04341947115384615 0.09607872596153846
0 0.49399038461538464 0.9723557692307693 0.016826923076923076 0.04079026442307692
0 0.3641826923076923 0.11298076923076923 0.06956129807692307 0.023888221153846152
0 0.5108173076923077 0.14423076923076922 0.03125 0.024113581730769232