0 0.7680288461538461 0.5396634615384616 0.17548076923076922 0.20920973557692307
0 0.6237980769230769 0.7259615384615384 0.14423076923076922 0.20184795673076922
0 0.5024038461538461 0.8978365384615384 0.13957331730769232 0.18502103365384615
0 0.203125 0.8473557692307693 0.12740384615384615 0.1466346153846154
0 0.30649038461538464 0.7307692307692307 0.11786358173076923 0.13446514423076922
0 0.0829326923076923 0.16706730769230768 0.1658653846153846 0.15632512019230768
0 0.5396634615384616 0.3605769230769231 0.04807692307692308 0.18239182692307693
0 0.6670673076923077 0.3389423076923077 0.038461538461538464 0.3220402644230769
0 0.7379807692307693 0.40625 0.052809495192307696 0.3653094951923077
0 0.9314903846153846 0.41947115384615385 0.13221153846153846 0.08413461538461539
0 0.7608173076923077 0.19951923076923078 0.13701923076923078 0.11553485576923077
0 0.32091346153846156 0.10216346153846154 0.10321514423076923 0.0985576923076923
0 0.765625 0.7716346153846154 0.4592097355769231 0.0576171875
0 0.9651442307692307 0.3125 0.060171274038461536 0.0673076923076923
0 0.8112980769230769 0.20552884615384615 0.2140174278846154 0.10824819711538461
0 0.2764423076923077 0.296875 0.06715745192307693 0.1658653846153846
0 0.2247596153846154 0.125 0.07436899038461539 0.22581129807692307
0 0.39903846153846156 0.5168269230769231 0.08646334134615384 0.16353665865384615
0 0.34375 0.4050480769230769 0.08158052884615384 0.1466346153846154
0 0.23677884615384615 0.4362980769230769 0.09134615384615384 0.22596153846153846
0 0.18389423076923078 0.2920673076923077 0.05536358173076923 0.19478665865384615