0 0.6262019230769231 0.27403846153846156 0.2403846153846154 0.06723257211538461
0 0.2439903846153846 0.6117788461538461 0.12740384615384615 0.22596153846153846
0 0.0733173076923077 0.5096153846153846 0.10817307692307693 0.27396334134615385
0 0.23677884615384615 0.44711538461538464 0.0936748798076923 0.09134615384615384
0 0.33774038461538464 0.31971153846153844 0.06978665865384616 0.1346153846153846
0 0.4098557692307692 0.1935096153846154 0.09375 0.14197716346153846
0 0.30649038461538464 0.13701923076923078 0.07451923076923077 0.14408052884615385
0 0.7283653846153846 0.4543269230769231 0.21146334134615385 0.0673076923076923
0 0.8497596153846154 0.6394230769230769 0.1034405048076923 0.10096153846153846
0 0.9411057692307693 0.5480769230769231 0.0889423076923077 0.11050180288461539
0 0.921875 0.3713942307692308 0.13228665865384615 0.21153846153846154
0 0.5192307692307693 0.6887019230769231 0.01953125 0.1083233173076923
0 0.10697115384615384 0.8798076923076923 0.026442307692307692 0.10576923076923077
0 0.1622596153846154 0.8617788461538461 0.09359975961538461 0.059945913461538464
0 0.16105769230769232 0.9362980769230769 0.052734375 0.08413461538461539
0 0.4362980769230769 0.953125 0.18502103365384615 0.06497896634615384
0 0.71875 0.8641826923076923 0.03350360576923077 0.06475360576923077
0 0.828125 0.8028846153846154 0.08420973557692307 0.115234375
0 0.7596153846153846 0.7139423076923077 0.06723257211538461 0.08646334134615384
0 0.3581730769230769 0.7956730769230769 0.0673076923076923 0.11989182692307693
0 0.04567307692307692 0.109375 0.052734375 0.16105769230769232
0 0.8185096153846154 0.25721153846153844 0.0986328125 0.08158052884615384
0 0.9278846153846154 0.24519230769230768 0.1298828125 0.04326923076923077