0 0.609375 0.23918269230769232 0.15617487980769232 0.18997896634615385
0 0.5829326923076923 0.7079326923076923 0.1778846153846154 0.08901742788461539
0 0.5180288461538461 0.9242788461538461 0.16594050480769232 0.04567307692307692
0 0.45913461538461536 0.4675480769230769 0.1201923076923077 0.12267127403846154
0 0.42788461538461536 0.140625 0.09119591346153846 0.040865384615384616
0 0.21153846153846154 0.042067307692307696 0.05303485576923077 0.0791766826923077
0 0.09134615384615384 0.11778846153846154 0.038161057692307696 0.08188100961538461
0 0.020432692307692308 0.10576923076923077 0.0361328125 0.03372896634615385
0 0.234375 0.5612980769230769 0.021784855769230768 0.03590745192307692
0 0.016826923076923076 0.8088942307692307 0.024188701923076924 0.03125
0 0.20072115384615385 0.9447115384615384 0.10817307692307693 0.11050180288461539
0 0.2704326923076923 0.5805288461538461 0.09615384615384616 0.18509615384615385
0 0.296875 0.7584134615384616 0.23309795673076922 0.052884615384615384