0 0.11899038461538461 0.38221153846153844 0.09615384615384616 0.2452674278846154
0 0.6274038461538461 0.3173076923076923 0.19696514423076922 0.11545973557692307
0 0.8725961538461539 0.3425480769230769 0.1201923076923077 0.19471153846153846
0 0.5576923076923077 0.6105769230769231 0.12484975961538461 0.16376201923076922
0 0.7067307692307693 0.4483173076923077 0.1249248798076923 0.0888671875
0 0.09254807692307693 0.6790865384615384 0.050631009615384616 0.22821514423076922
0 0.5060096153846154 0.12379807692307693 0.06490384615384616 0.10096153846153846
0 0.8233173076923077 0.5492788461538461 0.0936748798076923 0.12252103365384616
0 0.9567307692307693 0.5132211538461539 0.05784254807692308 0.08413461538461539
0 0.7427884615384616 0.6971153846153846 0.08653846153846154 0.11553485576923077
0 0.5276442307692307 0.8701923076923077 0.12259615384615384 0.14903846153846154
0 0.16105769230769232 0.9038461538461539 0.0770733173076923 0.19215745192307693
0 0.8377403846153846 0.9507211538461539 0.08413461538461539 0.0889423076923077
0 0.6322115384615384 0.7211538461538461 0.08180588942307693 0.20207331730769232
0 0.7139423076923077 0.8774038461538461 0.052884615384615384 0.20643028846153846
0 0.4387019230769231 0.2800480769230769 0.1513671875 0.18517127403846154
0 0.7716346153846154 0.09975961538461539 0.12980769230769232 0.050631009615384616
0 0.7596153846153846 0.07932692307692307 0.08653846153846154 0.15850360576923078
0 0.28725961538461536 0.48677884615384615 0.035982572115384616 0.18036358173076922
0 0.03365384615384615 0.2644230769230769 0.06715745192307693 0.14453125
0 0.5324519230769231 0.04927884615384615 0.08173076923076923 0.0673076923076923
0 0.9783653846153846 0.03245192307692308 0.043118990384615384 0.04071514423076923
0 0.6141826923076923 0.8942307692307693 0.028846153846153848 0.038461538461538464
0 0.7644230769230769 0.8689903846153846 0.028545673076923076 0.026292067307692308
0 0.44350961538461536 0.01201923076923077 0.031174879807692308 0.02403846153846154
0 0.5024038461538461 0.014423076923076924 0.023963341346153848 0.02869591346153846