0 0.3641826923076923 0.2091346153846154 0.08909254807692307 0.06219951923076923
0 0.4567307692307692 0.1141826923076923 0.033578725961538464 0.08173076923076923
0 0.8725961538461539 0.27884615384615385 0.06280048076923077 0.028545673076923076
0 0.3161057692307692 0.4699519230769231 0.057692307692307696 0.09134615384615384
0 0.4254807692307692 0.515625 0.05303485576923077 0.1083233173076923
0 0.5516826923076923 0.46153846153846156 0.06956129807692307 0.06760817307692307
0 0.6177884615384616 0.39302884615384615 0.08188100961538461 0.07692307692307693
0 0.13221153846153846 0.8401442307692307 0.062424879807692304 0.10336538461538461
0 0.4831730769230769 0.8028846153846154 0.07204026442307693 0.14903846153846154
0 0.43149038461538464 0.6887019230769231 0.12740384615384615 0.026442307692307692
0 0.49278846153846156 0.6081730769230769 0.1394981971153846 0.019305889423076924
0 0.39783653846153844 0.5769230769230769 0.07925180288461539 0.048001802884615384
0 0.8221153846153846 0.5829326923076923 0.1251502403846154 0.07940204326923077
0 0.8449519230769231 0.6538461538461539 0.13716947115384615 0.08188100961538461
0 0.3473557692307692 0.8798076923076923 0.1513671875 0.03838641826923077
0 0.3125 0.7680288461538461 0.17322716346153846 0.0361328125
0 0.40384615384615385 0.38221153846153844 0.057692307692307696 0.1200420673076923
0 0.1346153846153846 0.4387019230769231 0.10561899038461539 0.057692307692307696
0 0.09735576923076923 0.28846153846153844 0.036057692307692304 0.08653846153846154
0 0.8737980769230769 0.0673076923076923 0.09615384615384616 0.04807692307692308
0 0.14182692307692307 0.08653846153846154 0.03365384615384615 0.052809495192307696
0 0.8377403846153846 0.9098557692307693 0.208984375 0.036207932692307696
0 0.6995192307692307 0.9603365384615384 0.16353665865384615 0.0625
0 0.47596153846153844 0.9627403846153846 0.1346153846153846 0.06971153846153846
0 0.8293269230769231 0.7980769230769231 0.12507512019230768 0.14896334134615385
0 0.625 0.7824519230769231 0.0625751201923077 0.09615384615384616
0 0.6201923076923077 0.7644230769230769 0.11065204326923077 0.02892127403846154
0 0.6706730769230769 0.6526442307692307 0.12484975961538461 0.050631009615384616
0 0.5012019230769231 0.5612980769230769 0.04567307692307692 0.021784855769230768
0 0.2283653846153846 0.5769230769230769 0.11072716346153846 0.04319411057692308
0 0.8930288461538461 0.4891826923076923 0.15144230769230768 0.10336538461538461
0 0.5120192307692307 0.5216346153846154 0.1006610576923077 0.033353365384615384
0 0.5853365384615384 0.18389423076923078 0.10329026442307693 0.04326923076923077
0 0.7151442307692307 0.07932692307692307 0.03365384615384615 0.09127103365384616