0 0.46634615384615385 0.47596153846153844 0.5144981971153846 0.19230769230769232
0 0.6466346153846154 0.29086538461538464 0.14918870192307693 0.15392127403846154
0 0.5012019230769231 0.14783653846153846 0.12252103365384616 0.04567307692307692
0 0.18028846153846154 0.07692307692307693 0.04807692307692308 0.1251502403846154
0 0.8918269230769231 0.17548076923076922 0.10569411057692307 0.02403846153846154
0 0.22355769230769232 0.8713942307692307 0.16841947115384615 0.24519230769230768
0 0.4963942307692308 0.9459134615384616 0.0889423076923077 0.10329026442307693
0 0.8377403846153846 0.5576923076923077 0.06978665865384616 0.0770733173076923
0 0.7295673076923077 0.03245192307692308 0.026442307692307692 0.06490384615384616
0 0.6959134615384616 0.08533653846153846 0.021634615384615384 0.06009615384615385
0 0.5024038461538461 0.7355769230769231 0.21138822115384615 0.09600360576923077
0 0.7752403846153846 0.7403846153846154 0.0263671875 0.01434795673076923
0 0.6899038461538461 0.14783653846153846 0.019381009615384616 0.04071514423076923
0 0.6622596153846154 0.07932692307692307 0.016826923076923076 0.052884615384615384
0 0.6466346153846154 0.08413461538461539 0.009690504807692308 0.033804086538461536
0 0.6875 0.02403846153846154 0.04807692307692308 0.04807692307692308
0 0.6646634615384616 0.7427884615384616 0.036057692307692304 0.197265625
0 0.36899038461538464 0.6814903846153846 0.18013822115384615 0.12725360576923078
0 0.14903846153846154 0.11298076923076923 0.009690504807692308 0.17307692307692307
0 0.39783653846153844 0.1502403846153846 0.016676682692307692 0.2907151442307692
0 0.8161057692307693 0.040865384615384616 0.04326923076923077 0.08165564903846154
0 0.6670673076923077 0.12139423076923077 0.007286658653846154 0.026442307692307692
0 0.5637019230769231 0.6153846153846154 0.02403846153846154 0.02403846153846154
0 0.8798076923076923 0.4519230769230769 0.019381009615384616 0.019381009615384616
0 0.7560096153846154 0.2860576923076923 0.019230769230769232 0.028771033653846152
0 0.5204326923076923 0.21153846153846154 0.01201923076923077 0.01915564903846154
0 0.7692307692307693 0.04927884615384615 0.05295973557692308 0.014423076923076924
0 0.7331730769230769 0.12379807692307693 0.0721905048076923 0.10824819711538461
0 0.3737980769230769 0.15625 0.009615384615384616 0.01434795673076923
0 0.45913461538461536 0.09495192307692307 0.014723557692307692 0.009615384615384616
0 0.44471153846153844 0.109375 0.03350360576923077 0.011944110576923076
0 0.38100961538461536 0.8846153846153846 0.13709435096153846 0.08653846153846154
0 0.9639423076923077 0.6682692307692307 0.07204026442307693 0.09615384615384616
0 0.9242788461538461 0.009615384615384616 0.050631009615384616 0.01893028846153846
0 0.4050480769230769 0.04567307692307692 0.15144230769230768 0.023888221153846152
0 0.5829326923076923 0.16947115384615385 0.012094350961538462 0.014423076923076924
0 0.8858173076923077 0.08173076923076923 0.007361778846153846 0.019381009615384616
0 0.828125 0.08173076923076923 0.026517427884615384 0.019080528846153848
0 0.8088942307692307 0.13581730769230768 0.21634615384615385 0.026292067307692308
0 0.9783653846153846 0.9230769230769231 0.043118990384615384 0.11072716346153846
0 0.7776442307692307 0.9026442307692307 0.021634615384615384 0.016826923076923076
0 0.8197115384615384 0.9375 0.014272836538461538 0.019230769230769232