0 0.7319711538461539 0.14302884615384615 0.14182692307692307 0.07940204326923077
0 0.8762019230769231 0.027644230769230768 0.040865384615384616 0.055288461538461536
0 0.5901442307692307 0.030048076923076924 0.08413461538461539 0.06009615384615385
0 0.4326923076923077 0.03125 0.03365384615384615 0.0625
0 0.4879807692307692 0.4326923076923077 0.21649639423076922 0.19260817307692307
0 0.6899038461538461 0.36538461538461536 0.03838641826923077 0.057767427884615384
0 0.9338942307692307 0.38221153846153844 0.052884615384615384 0.014573317307692308
0 0.8725961538461539 0.5444711538461539 0.1346153846153846 0.0263671875
0 0.7524038461538461 0.8365384615384616 0.12950721153846154 0.009915865384615384
0 0.7668269230769231 0.7884615384615384 0.0576171875 0.0721905048076923
0 0.37740384615384615 0.8401442307692307 0.04319411057692308 0.25721153846153844
0 0.3161057692307692 0.9663461538461539 0.026517427884615384 0.06723257211538461
0 0.6033653846153846 0.7295673076923077 0.019305889423076924 0.5407902644230769