0 0.46875 0.20432692307692307 0.14408052884615385 0.12950721153846154
0 0.22956730769230768 0.11778846153846154 0.3005558894230769 0.22115384615384615
0 0.13942307692307693 0.6310096153846154 0.05784254807692308 0.5120192307692307
0 0.37740384615384615 0.8389423076923077 0.09119591346153846 0.2306189903846154
0 0.6105769230769231 0.10697115384615384 0.13446514423076922 0.07459435096153846
0 0.47836538461538464 0.10817307692307693 0.09615384615384616 0.038461538461538464
0 0.7524038461538461 0.1310096153846154 0.1298828125 0.13213641826923078
0 0.6490384615384616 0.21754807692307693 0.17277644230769232 0.0985576923076923
0 0.4723557692307692 0.5829326923076923 0.09375 0.057692307692307696
0 0.48677884615384615 0.5132211538461539 0.04326923076923077 0.07444411057692307
0 0.8605769230769231 0.5408653846153846 0.10096153846153846 0.08638822115384616
0 0.8377403846153846 0.6502403846153846 0.1875 0.040865384615384616
0 0.6201923076923077 0.3425480769230769 0.08638822115384616 0.04807692307692308
0 0.8990384615384616 0.140625 0.08646334134615384 0.03125
0 0.051682692307692304 0.6622596153846154 0.0938251201923077 0.05048076923076923
0 0.6298076923076923 0.6706730769230769 0.15377103365384615 0.10096153846153846
0 0.5877403846153846 0.8076923076923077 0.06963641826923077 0.14903846153846154
0 0.21995192307692307 0.609375 0.08413461538461539 0.07947716346153846
0 0.03485576923076923 0.24639423076923078 0.0673076923076923 0.026592548076923076
0 0.125 0.3016826923076923 0.07204026442307693 0.11778846153846154
0 0.03245192307692308 0.5841346153846154 0.06009615384615385 0.052734375
0 0.05048076923076923 0.7920673076923077 0.09607872596153846 0.031325120192307696
0 0.2848557692307692 0.7067307692307693 0.07932692307692307 0.07211538461538461
0 0.5420673076923077 0.33653846153846156 0.057692307692307696 0.05784254807692308
0 0.39663461538461536 0.030048076923076924 0.14903846153846154 0.04567307692307692
0 0.5192307692307693 0.028846153846153848 0.028996394230769232 0.04807692307692308
0 0.6346153846153846 0.040865384615384616 0.0625751201923077 0.03372896634615385
0 0.765625 0.046875 0.09615384615384616 0.052884615384615384
0 0.3557692307692308 0.06490384615384616 0.1251502403846154 0.05295973557692308