0 0.41346153846153844 0.018028846153846152 0.09615384615384616 0.03365384615384615
0 0.6586538461538461 0.028846153846153848 0.02403846153846154 0.057692307692307696
0 0.5661057692307693 0.21394230769230768 0.019230769230769232 0.1251502403846154
0 0.796875 0.021634615384615384 0.12980769230769232 0.023963341346153848
0 0.8581730769230769 0.07692307692307693 0.014573317307692308 0.14903846153846154
0 0.9158653846153846 0.036057692307692304 0.033804086538461536 0.03350360576923077
0 0.8689903846153846 0.15144230769230768 0.1560997596153846 0.11538461538461539
0 0.4387019230769231 0.31490384615384615 0.06497896634615384 0.10103665865384616
0 0.828125 0.640625 0.13942307692307693 0.5144230769230769
0 0.7211538461538461 0.6574519230769231 0.048227163461538464 0.12747896634615385
0 0.4483173076923077 0.7860576923076923 0.0985576923076923 0.052584134615384616
0 0.28365384615384615 0.7584134615384616 0.057542067307692304 0.125
0 0.42427884615384615 0.9399038461538461 0.026442307692307692 0.11538461538461539
0 0.53125 0.6838942307692307 0.15865384615384615 0.18021334134615385
0 0.7079326923076923 0.21153846153846154 0.057692307692307696 0.023963341346153848
0 0.8954326923076923 0.30408653846153844 0.19471153846153846 0.1609825721153846
0 0.640625 0.9014423076923077 0.0889423076923077 0.19704026442307693
0 0.21033653846153846 0.5108173076923077 0.10809795673076923 0.14423076923076922
0 0.5600961538461539 0.5036057692307693 0.0673076923076923 0.16594050480769232
0 0.9471153846153846 0.8016826923076923 0.10081129807692307 0.11793870192307693
0 0.6502403846153846 0.390625 0.05055588942307692 0.02403846153846154