0 0.2608173076923077 0.36778846153846156 0.08420973557692307 0.28372896634615385
0 0.15144230769230768 0.3112980769230769 0.07692307692307693 0.23309795673076922
0 0.07211538461538461 0.18629807692307693 0.06715745192307693 0.18509615384615385
0 0.27283653846153844 0.057692307692307696 0.14670973557692307 0.11538461538461539
0 0.42908653846153844 0.30408653846153844 0.0986328125 0.0936748798076923
0 0.6045673076923077 0.3954326923076923 0.07947716346153846 0.06009615384615385
0 0.6923076923076923 0.33653846153846156 0.09630408653846154 0.07692307692307693
0 0.7956730769230769 0.4963942307692308 0.08646334134615384 0.125
0 0.8725961538461539 0.3641826923076923 0.0721905048076923 0.1513671875
0 0.9290865384615384 0.28125 0.06978665865384616 0.3556941105769231
0 0.7608173076923077 0.6009615384615384 0.08428485576923077 0.07662259615384616
0 0.8377403846153846 0.6466346153846154 0.06497896634615384 0.048001802884615384
0 0.8701923076923077 0.8966346153846154 0.04807692307692308 0.12995793269230768
0 0.7632211538461539 0.7463942307692307 0.0263671875 0.07211538461538461
0 0.5204326923076923 0.6959134615384616 0.04071514423076923 0.103515625
0 0.40024038461538464 0.8677884615384616 0.026592548076923076 0.12034254807692307
0 0.515625 0.9699519230769231 0.20432692307692307 0.055288461538461536
0 0.04927884615384615 0.7175480769230769 0.03590745192307692 0.26216947115384615
0 0.18990384615384615 0.7103365384615384 0.08158052884615384 0.0887920673076923
0 0.2620192307692308 0.7776442307692307 0.072265625 0.06002103365384615
0 0.6610576923076923 0.6586538461538461 0.08646334134615384 0.20177283653846154