0 0.8389423076923077 0.5661057692307693 0.11057692307692307 0.8580979567307693
0 0.3557692307692308 0.21033653846153846 0.07684795673076923 0.1417518028846154
0 0.45552884615384615 0.18629807692307693 0.031174879807692308 0.1034405048076923
0 0.41466346153846156 0.2512019230769231 0.026442307692307692 0.06490384615384616
0 0.18509615384615385 0.04326923076923077 0.057692307692307696 0.057767427884615384
0 0.6935096153846154 0.8798076923076923 0.031325120192307696 0.240234375
0 0.34134615384615385 0.2920673076923077 0.08646334134615384 0.13701923076923078
0 0.1935096153846154 0.7115384615384616 0.3436748798076923 0.3173828125
0 0.42908653846153844 0.3581730769230769 0.23798076923076922 0.19696514423076922
0 0.44711538461538464 0.7992788461538461 0.18254206730769232 0.1201923076923077
0 0.2824519230769231 0.11057692307692307 0.28125 0.20673076923076922