0 0.8557692307692307 0.7319711538461539 0.048001802884615384 0.06963641826923077
0 0.3076923076923077 0.921875 0.07692307692307693 0.1560997596153846
0 0.27884615384615385 0.5925480769230769 0.03372896634615385 0.2909405048076923
0 0.10576923076923077 0.33774038461538464 0.20658052884615385 0.07451923076923077
0 0.28966346153846156 0.3425480769230769 0.10336538461538461 0.040940504807692304
0 0.3557692307692308 0.234375 0.03861177884615385 0.021634615384615384
0 0.2704326923076923 0.5300480769230769 0.21875 0.10576923076923077
0 0.22115384615384615 0.5204326923076923 0.11057692307692307 0.15632512019230768
0 0.28125 0.4579326923076923 0.11538461538461539 0.31490384615384615
0 0.296875 0.5252403846153846 0.10329026442307693 0.5217097355769231
0 0.20192307692307693 0.5012019230769231 0.1200420673076923 0.4782151442307692
0 0.2127403846153846 0.6995192307692307 0.42074819711538464 0.3605769230769231
0 0.39903846153846156 0.38822115384615385 0.052884615384615384 0.1658653846153846
0 0.5168269230769231 0.6502403846153846 0.043344350961538464 0.10576923076923077
0 0.45552884615384615 0.53125 0.0263671875 0.177734375
0 0.5180288461538461 0.5793269230769231 0.0673076923076923 0.10576923076923077
0 0.6418269230769231 0.5324519230769231 0.052809495192307696 0.031174879807692308
0 0.1466346153846154 0.0829326923076923 0.04296875 0.026292067307692308
0 0.6262019230769231 0.6730769230769231 0.026442307692307692 0.07204026442307693
0 0.6334134615384616 0.6322115384615384 0.0625 0.08158052884615384
0 0.6009615384615384 0.5853365384615384 0.06715745192307693 0.0263671875
0 0.5805288461538461 0.6466346153846154 0.03365384615384615 0.0576171875
0 0.578125 0.7283653846153846 0.016751802884615384 0.04815204326923077
0 0.5685096153846154 0.6682692307692307 0.17059795673076922 0.3220402644230769
0 0.515625 0.4639423076923077 0.0889423076923077 0.17795973557692307
0 0.09134615384615384 0.04567307692307692 0.03365384615384615 0.028771033653846152
0 0.6069711538461539 0.11778846153846154 0.035982572115384616 0.22611177884615385
0 0.5757211538461539 0.13581730769230768 0.18997896634615385 0.26675180288461536