0 0.9579326923076923 0.039663461538461536 0.07932692307692307 0.07932692307692307
0 0.7908653846153846 0.08413461538461539 0.14415564903846154 0.16819411057692307
0 0.28725961538461536 0.018028846153846152 0.036057692307692304 0.036057692307692304
0 0.375 0.06370192307692307 0.02892127403846154 0.12740384615384615
0 0.11538461538461539 0.030048076923076924 0.09615384615384616 0.021559495192307692
0 0.18028846153846154 0.007211538461538462 0.03853665865384615 0.014423076923076924
0 0.15264423076923078 0.1778846153846154 0.16346153846153846 0.10096153846153846
0 0.32091346153846156 0.25 0.0673076923076923 0.10096153846153846
0 0.53125 0.125 0.08203125 0.25
0 0.6346153846153846 0.1622596153846154 0.1346153846153846 0.045823317307692304
0 0.7668269230769231 0.1935096153846154 0.06265024038461539 0.1609825721153846
0 0.8461538461538461 0.20432692307692307 0.02403846153846154 0.07211538461538461
0 0.9399038461538461 0.3112980769230769 0.04326923076923077 0.036057692307692304
0 0.5096153846153846 0.27884615384615385 0.3366135817307692 0.15865384615384615
0 0.3762019230769231 0.46153846153846156 0.20192307692307693 0.1249248798076923
0 0.6298076923076923 0.45552884615384615 0.08158052884615384 0.15144230769230768
0 0.46153846153846156 0.6237980769230769 0.134765625 0.07692307692307693
0 0.7788461538461539 0.6550480769230769 0.08653846153846154 0.13228665865384615
0 0.9555288461538461 0.5132211538461539 0.052884615384615384 0.10576923076923077
0 0.9675480769230769 0.6574519230769231 0.021634615384615384 0.07444411057692307
0 0.18509615384615385 0.8665865384615384 0.16353665865384615 0.14670973557692307
0 0.15985576923076922 0.4326923076923077 0.04326923076923077 0.1826171875