0 0.11899038461538461 0.49158653846153844 0.20440204326923078 0.07932692307692307
0 0.39663461538461536 0.5685096153846154 0.3654597355769231 0.11290564903846154
0 0.3545673076923077 0.20192307692307693 0.4855769230769231 0.1201923076923077
0 0.32572115384615385 0.18028846153846154 0.33901742788461536 0.10081129807692307
0 0.6478365384615384 0.4362980769230769 0.18028846153846154 0.07211538461538461
0 0.8581730769230769 0.44471153846153844 0.22596153846153846 0.10081129807692307
0 0.6538461538461539 0.38100961538461536 0.2019981971153846 0.07211538461538461
0 0.46875 0.31850961538461536 0.2019981971153846 0.07459435096153846
0 0.1346153846153846 0.30649038461538464 0.08158052884615384 0.04567307692307692
0 0.22115384615384615 0.3786057692307692 0.14903846153846154 0.07692307692307693
0 0.36778846153846156 0.45552884615384615 0.12965745192307693 0.0889423076923077