0 0.13942307692307693 0.1346153846153846 0.01953125 0.12980769230769232
0 0.2644230769230769 0.48677884615384615 0.038461538461538464 0.2644230769230769
0 0.12740384615384615 0.7800480769230769 0.125 0.18021334134615385
0 0.8641826923076923 0.17067307692307693 0.1611328125 0.10584435096153846
0 0.7259615384615384 0.4951923076923077 0.024113581730769232 0.09127103365384616
0 0.6057692307692307 0.6466346153846154 0.03365384615384615 0.11050180288461539
0 0.6911057692307693 0.9290865384615384 0.11298076923076923 0.13701923076923078
0 0.7199519230769231 0.7716346153846154 0.1658653846153846 0.052809495192307696
0 0.9278846153846154 0.9230769230769231 0.04815204326923077 0.14896334134615385
0 0.9627403846153846 0.5649038461538461 0.012094350961538462 0.04815204326923077
0 0.40024038461538464 0.4951923076923077 0.0888671875 0.08646334134615384
0 0.21754807692307693 0.8774038461538461 0.031174879807692308 0.2451171875
0 0.036057692307692304 0.328125 0.07204026442307693 0.11290564903846154
0 0.015625 0.484375 0.031099759615384616 0.11283052884615384
0 0.7283653846153846 0.051682692307692304 0.15880408653846154 0.0840594951923077
0 0.47475961538461536 0.1658653846153846 0.05048076923076923 0.21642127403846154
0 0.265625 0.04807692307692308 0.04326923076923077 0.09127103365384616
0 0.390625 0.04447115384615385 0.036207932692307696 0.0887920673076923
0 0.43028846153846156 0.8161057692307693 0.07204026442307693 0.125
0 0.859375 0.49158653846153844 0.07211538461538461 0.15865384615384615
0 0.9639423076923077 0.40865384615384615 0.07204026442307693 0.08165564903846154