0 0.3233173076923077 0.6514423076923077 0.0985576923076923 0.4519230769230769
0 0.8774038461538461 0.5721153846153846 0.2451171875 0.014498197115384616
0 0.09615384615384616 0.8473557692307693 0.052884615384615384 0.12259615384615384
0 0.21995192307692307 0.4807692307692308 0.18509615384615385 0.5528846153846154
0 0.40865384615384615 0.6201923076923077 0.2692307692307692 0.5191556490384616
0 0.3701923076923077 0.30528846153846156 0.0673076923076923 0.052584134615384616
0 0.5060096153846154 0.38341346153846156 0.08173076923076923 0.26209435096153844
0 0.4387019230769231 0.4567307692307692 0.06475360576923077 0.125
0 0.5637019230769231 0.21634615384615385 0.031400240384615384 0.0625
0 0.34615384615384615 0.15865384615384615 0.0673076923076923 0.04319411057692308
0 0.4170673076923077 0.09375 0.23798076923076922 0.033578725961538464
0 0.7067307692307693 0.7512019230769231 0.09630408653846154 0.019230769230769232
0 0.7211538461538461 0.5444711538461539 0.33638822115384615 0.07925180288461539
0 0.8713942307692307 0.42427884615384615 0.25240384615384615 0.016826923076923076