0 0.8485576923076923 0.6057692307692307 0.033804086538461536 0.27396334134615385
0 0.2668269230769231 0.375 0.024338942307692308 0.18254206730769232
0 0.3425480769230769 0.6478365384615384 0.07211538461538461 0.14903846153846154
0 0.11057692307692307 0.8665865384615384 0.15369591346153846 0.14655949519230768
0 0.07692307692307693 0.6983173076923077 0.14903846153846154 0.08413461538461539
0 0.018028846153846152 0.38822115384615385 0.036057692307692304 0.06971153846153846
0 0.5240384615384616 0.4651442307692308 0.1153094951923077 0.23790564903846154
0 0.6394230769230769 0.5024038461538461 0.16376201923076922 0.08158052884615384
0 0.6298076923076923 0.4483173076923077 0.057767427884615384 0.07211538461538461
0 0.6262019230769231 0.8413461538461539 0.07211538461538461 0.24030949519230768
0 0.5709134615384616 0.6382211538461539 0.031099759615384616 0.050631009615384616
0 0.3894230769230769 0.6081730769230769 0.023963341346153848 0.0673076923076923
0 0.2608173076923077 0.9038461538461539 0.021634615384615384 0.08653846153846154
0 0.8870192307692307 0.8329326923076923 0.03365384615384615 0.16579026442307693
0 0.3798076923076923 0.3088942307692308 0.09615384615384616 0.06963641826923077
0 0.8762019230769231 0.19471153846153846 0.06002103365384615 0.16819411057692307
0 0.008413461538461538 0.4675480769230769 0.016826923076923076 0.06475360576923077