0 0.2800480769230769 0.03245192307692308 0.14423076923076922 0.06482872596153846
0 0.8353365384615384 0.052884615384615384 0.08653846153846154 0.09600360576923077
0 0.5096153846153846 0.21995192307692307 0.2306189903846154 0.14190204326923078
0 0.6634615384615384 0.171875 0.04326923076923077 0.19951923076923078
0 0.7692307692307693 0.234375 0.048001802884615384 0.045748197115384616
0 0.796875 0.5552884615384616 0.08653846153846154 0.06219951923076923
0 0.4807692307692308 0.7079326923076923 0.15354567307692307 0.23783052884615385
0 0.5396634615384616 0.47836538461538464 0.1466346153846154 0.18269230769230768
0 0.22596153846153846 0.8209134615384616 0.14903846153846154 0.07692307692307693
0 0.31971153846153844 0.9519230769230769 0.06715745192307693 0.0772235576923077
0 0.6646634615384616 0.9783653846153846 0.22844050480769232 0.04319411057692308
0 0.4050480769230769 0.12740384615384615 0.1971153846153846 0.15880408653846154
0 0.22355769230769232 0.34134615384615385 0.18742487980769232 0.26449819711538464
0 0.9831730769230769 0.4519230769230769 0.02403846153846154 0.10569411057692307