0 0.49158653846153844 0.6045673076923077 0.22355769230769232 0.03365384615384615
0 0.671875 0.5168269230769231 0.14655949519230768 0.13927283653846154
0 0.9026442307692307 0.8485576923076923 0.040865384615384616 0.2980769230769231
0 0.7884615384615384 0.9795673076923077 0.057692307692307696 0.036057692307692304
0 0.3762019230769231 0.7415865384615384 0.16105769230769232 0.0936748798076923
0 0.49759615384615385 0.28725961538461536 0.04807692307692308 0.07211538461538461
0 0.6213942307692307 0.31009615384615385 0.08420973557692307 0.1153094951923077
0 0.8173076923076923 0.3389423076923077 0.22115384615384615 0.05303485576923077
0 0.9110576923076923 0.53125 0.11050180288461539 0.1346153846153846
0 0.28125 0.9314903846153846 0.125 0.13221153846153846
0 0.22596153846153846 0.27524038461538464 0.047926682692307696 0.031325120192307696