0 0.6177884615384616 0.33413461538461536 0.18269230769230768 0.1249248798076923
0 0.8786057692307693 0.2776442307692308 0.14903846153846154 0.15632512019230768
0 0.6766826923076923 0.09254807692307693 0.14670973557692307 0.1346153846153846
0 0.9050480769230769 0.02283653846153846 0.05513822115384615 0.04567307692307692
0 0.4230769230769231 0.1310096153846154 0.1298828125 0.17059795673076922
0 0.36177884615384615 0.052884615384615384 0.07211538461538461 0.10576923076923077
0 0.35336538461538464 0.5108173076923077 0.07211538461538461 0.1201923076923077
0 0.5456730769230769 0.6117788461538461 0.12980769230769232 0.27651742788461536
0 0.7764423076923077 0.5637019230769231 0.09607872596153846 0.07940204326923077
0 0.38221153846153844 0.8161057692307693 0.09119591346153846 0.0887920673076923
0 0.2800480769230769 0.11899038461538461 0.05513822115384615 0.23798076923076922
0 0.8389423076923077 0.8810096153846154 0.07692307692307693 0.06009615384615385
0 0.7908653846153846 0.9338942307692307 0.05303485576923077 0.07459435096153846
0 0.7728365384615384 0.3125 0.012094350961538462 0.02403846153846154
0 0.5492788461538461 0.09975961538461539 0.0985576923076923 0.026517427884615384
0 0.5108173076923077 0.9675480769230769 0.06009615384615385 0.06482872596153846