0 0.1466346153846154 0.3088942307692308 0.10096153846153846 0.03365384615384615
0 0.5600961538461539 0.1875 0.14430588942307693 0.038461538461538464
0 0.7836538461538461 0.020432692307692308 0.05784254807692308 0.040865384615384616
0 0.3762019230769231 0.021634615384615384 0.026292067307692308 0.04326923076923077
0 0.1971153846153846 0.02283653846153846 0.02869591346153846 0.04079026442307692
0 0.5240384615384616 0.3269230769230769 0.1104266826923077 0.043118990384615384
0 0.6201923076923077 0.5216346153846154 0.11050180288461539 0.08661358173076923
0 0.7644230769230769 0.5588942307692307 0.10088641826923077 0.12259615384615384
0 0.9675480769230769 0.3701923076923077 0.045823317307692304 0.14408052884615385
0 0.9038461538461539 0.6033653846153846 0.05295973557692308 0.14430588942307693
0 0.8341346153846154 0.8401442307692307 0.048001802884615384 0.14190204326923078
0 0.9194711538461539 0.9098557692307693 0.031325120192307696 0.04559795673076923
0 0.2608173076923077 0.8701923076923077 0.12980769230769232 0.0770733173076923
0 0.5216346153846154 0.984375 0.02403846153846154 0.031099759615384616
0 0.7776442307692307 0.25841346153846156 0.0361328125 0.1658653846153846