0 0.037259615384615384 0.7536057692307693 0.07436899038461539 0.11538461538461539
0 0.44711538461538464 0.08173076923076923 0.08180588942307693 0.028846153846153848
0 0.8449519230769231 0.4182692307692308 0.20928485576923078 0.1541466346153846
0 0.8305288461538461 0.3137019230769231 0.2234825721153846 0.15384615384615385
0 0.7848557692307693 0.12620192307692307 0.12252103365384616 0.07940204326923077
0 0.8882211538461539 0.06129807692307692 0.0625 0.04326923076923077
0 0.9519230769230769 0.015625 0.038461538461538464 0.03125
0 0.390625 0.1971153846153846 0.12252103365384616 0.11050180288461539
0 0.6153846153846154 0.19591346153846154 0.1201171875 0.05521334134615385
0 0.7307692307692307 0.27283653846153844 0.11065204326923077 0.10096153846153846
0 0.5853365384615384 0.0673076923076923 0.0361328125 0.028996394230769232
0 0.6286057692307693 0.08774038461538461 0.05048076923076923 0.01201923076923077
0 0.4987980769230769 0.028846153846153848 0.12980769230769232 0.057692307692307696
0 0.421875 0.8545673076923077 0.038461538461538464 0.007211538461538462
0 0.4723557692307692 0.21875 0.11057692307692307 0.038461538461538464
0 0.7199519230769231 0.7235576923076923 0.10802283653846154 0.1200420673076923
0 0.6165865384615384 0.3112980769230769 0.18517127403846154 0.13942307692307693
0 0.3894230769230769 0.7632211538461539 0.03350360576923077 0.012169471153846154
0 0.38461538461538464 0.7427884615384616 0.03365384615384615 0.014272836538461538
0 0.36538461538461536 0.10216346153846154 0.07684795673076923 0.07451923076923077
0 0.375 0.9158653846153846 0.04326923076923077 0.019230769230769232
0 0.45913461538461536 0.8413461538461539 0.0576171875 0.028996394230769232