0 0.23918269230769232 0.9350961538461539 0.1560997596153846 0.1251502403846154
0 0.4110576923076923 0.7752403846153846 0.1104266826923077 0.18509615384615385
0 0.43028846153846156 0.6947115384615384 0.19696514423076922 0.057692307692307696
0 0.5997596153846154 0.7379807692307693 0.05055588942307692 0.062349759615384616
0 0.7295673076923077 0.8221153846153846 0.06009615384615385 0.12507512019230768
0 0.8798076923076923 0.7848557692307693 0.07204026442307693 0.18036358173076922
0 0.5625 0.9326923076923077 0.07684795673076923 0.12980769230769232
0 0.7091346153846154 0.6021634615384616 0.05318509615384615 0.07947716346153846
0 0.8052884615384616 0.5757211538461539 0.09134615384615384 0.10096153846153846
0 0.7355769230769231 0.3161057692307692 0.10584435096153846 0.13709435096153846
0 0.8882211538461539 0.15264423076923078 0.07211538461538461 0.2668269230769231
0 0.3233173076923077 0.15264423076923078 0.11298076923076923 0.15865384615384615
0 0.4891826923076923 0.19951923076923078 0.13236177884615385 0.14423076923076922
0 0.5480769230769231 0.078125 0.23069411057692307 0.0673076923076923
0 0.21394230769230768 0.07932692307692307 0.07211538461538461 0.15865384615384615
0 0.16346153846153846 0.34134615384615385 0.10088641826923077 0.19215745192307693
0 0.0829326923076923 0.5528846153846154 0.09390024038461539 0.1681189903846154
0 0.14783653846153846 0.78125 0.2956730769230769 0.15865384615384615
0 0.6177884615384616 0.5060096153846154 0.019230769230769232 0.07692307692307693
0 0.5637019230769231 0.5204326923076923 0.035982572115384616 0.14903846153846154
0 0.4182692307692308 0.4735576923076923 0.14896334134615385 0.052884615384615384
0 0.4362980769230769 0.5528846153846154 0.20673076923076922 0.057692307692307696
0 0.3004807692307692 0.4831730769230769 0.08180588942307693 0.177734375
0 0.39783653846153844 0.3269230769230769 0.2548076923076923 0.02869591346153846
0 0.22355769230769232 0.59375 0.22107872596153846 0.14423076923076922
0 0.6574519230769231 0.28365384615384615 0.31971153846153844 0.37973257211538464
0 0.5276442307692307 0.49278846153846156 0.036057692307692304 0.16346153846153846
0 0.8725961538461539 0.4639423076923077 0.0673076923076923 0.15880408653846154
0 0.9915865384615384 0.13942307692307693 0.016676682692307692 0.04341947115384615
0 0.36778846153846156 0.021634615384615384 0.06723257211538461 0.04326923076923077
0 0.4807692307692308 0.038461538461538464 0.13942307692307693 0.0576171875
0 0.6033653846153846 0.039663461538461536 0.15399639423076922 0.036057692307692304