0 0.43990384615384615 0.1814903846153846 0.09630408653846154 0.036207932692307696
0 0.5192307692307693 0.04807692307692308 0.057992788461538464 0.09600360576923077
0 0.15264423076923078 0.12740384615384615 0.09615384615384616 0.10081129807692307
0 0.057692307692307696 0.08533653846153846 0.11538461538461539 0.1611328125
0 0.2932692307692308 0.5841346153846154 0.0673828125 0.21627103365384615
0 0.13581730769230768 0.6165865384615384 0.0673076923076923 0.1201923076923077
0 0.20552884615384615 0.8870192307692307 0.08653846153846154 0.04319411057692308
0 0.5576923076923077 0.5649038461538461 0.11553485576923077 0.062424879807692304
0 0.5817307692307693 0.2956730769230769 0.09127103365384616 0.13469050480769232
0 0.03125 0.31490384615384615 0.024113581730769232 0.09607872596153846
0 0.1201923076923077 0.40865384615384615 0.052734375 0.052734375
0 0.24519230769230768 0.2692307692307692 0.11545973557692307 0.2789963942307692
0 0.41346153846153844 0.6971153846153846 0.06715745192307693 0.14408052884615385
0 0.5540865384615384 0.6947115384615384 0.045748197115384616 0.1201171875
0 0.5396634615384616 0.9699519230769231 0.14182692307692307 0.055288461538461536
0 0.3016826923076923 0.03485576923076923 0.0673076923076923 0.06963641826923077
0 0.6418269230769231 0.09254807692307693 0.04341947115384615 0.10817307692307693
0 0.31850961538461536 0.15144230769230768 0.05536358173076923 0.14430588942307693