0 0.3557692307692308 0.21875 0.0674579326923077 0.12980769230769232
0 0.41586538461538464 0.25240384615384615 0.028846153846153848 0.06265024038461539
0 0.45913461538461536 0.1778846153846154 0.024188701923076924 0.10584435096153846
0 0.3016826923076923 0.6225961538461539 0.14423076923076922 0.14896334134615385
0 0.16346153846153846 0.7608173076923077 0.13469050480769232 0.125
0 0.8725961538461539 0.9074519230769231 0.03372896634615385 0.18502103365384615
0 0.8413461538461539 0.7307692307692307 0.028771033653846152 0.18254206730769232
0 0.390625 0.8329326923076923 0.18021334134615385 0.09615384615384616
0 0.5697115384615384 0.71875 0.17307692307692307 0.12980769230769232
0 0.6971153846153846 0.890625 0.028545673076923076 0.2185997596153846
0 0.08052884615384616 0.9435096153846154 0.04807692307692308 0.06497896634615384