0 0.48677884615384615 0.7115384615384616 0.35096153846153844 0.11538461538461539
0 0.7752403846153846 0.5925480769230769 0.12732872596153846 0.1513671875
0 0.8689903846153846 0.4807692307692308 0.0938251201923077 0.1201923076923077
0 0.3870192307692308 0.265625 0.14423076923076922 0.13221153846153846
0 0.5444711538461539 0.15985576923076922 0.17555588942307693 0.10336538461538461
0 0.5504807692307693 0.3004807692307692 0.14415564903846154 0.08188100961538461
0 0.1935096153846154 0.08413461538461539 0.0985576923076923 0.08158052884615384
0 0.3545673076923077 0.14903846153846154 0.16826923076923078 0.07684795673076923
0 0.4495192307692308 0.03485576923076923 0.1875 0.06971153846153846
0 0.7620192307692307 0.18990384615384615 0.1971153846153846 0.072265625
0 0.8641826923076923 0.03125 0.11290564903846154 0.04815204326923077
0 0.5360576923076923 0.6045673076923077 0.09615384615384616 0.06002103365384615
0 0.40865384615384615 0.6262019230769231 0.15399639423076922 0.06497896634615384
0 0.29447115384615385 0.9002403846153846 0.07211538461538461 0.16826923076923078
0 0.3918269230769231 0.9555288461538461 0.03853665865384615 0.0888671875
0 0.40384615384615385 0.8653846153846154 0.14415564903846154 0.03372896634615385
0 0.17307692307692307 0.7439903846153846 0.3075420673076923 0.06497896634615384
0 0.8942307692307693 0.8701923076923077 0.0576171875 0.08173076923076923
0 0.84375 0.7860576923076923 0.06265024038461539 0.10081129807692307
0 0.7475961538461539 0.7259615384615384 0.20643028846153846 0.01893028846153846
0 0.21754807692307693 0.18028846153846154 0.10096153846153846 0.03372896634615385
0 0.8004807692307693 0.07692307692307693 0.1346153846153846 0.04807692307692308
0 0.6358173076923077 0.03365384615384615 0.17548076923076922 0.05295973557692308