0 0.7019230769230769 0.5769230769230769 0.08653846153846154 0.2452674278846154
0 0.6478365384615384 0.8461538461538461 0.026592548076923076 0.29311899038461536
0 0.8293269230769231 0.7932692307692307 0.08180588942307693 0.34127103365384615
0 0.9050480769230769 0.5204326923076923 0.06497896634615384 0.19944411057692307
0 0.9723557692307693 0.3088942307692308 0.05521334134615385 0.1658653846153846
0 0.921875 0.265625 0.15617487980769232 0.06490384615384616
0 0.3545673076923077 0.057692307692307696 0.18509615384615385 0.11538461538461539
0 0.3449519230769231 0.056490384615384616 0.4543269230769231 0.04559795673076923
0 0.7956730769230769 0.0625 0.1775841346153846 0.125
0 0.1346153846153846 0.5673076923076923 0.06723257211538461 0.033578725961538464
0 0.12259615384615384 0.1502403846153846 0.0673076923076923 0.09840745192307693