0 0.21995192307692307 0.11057692307692307 0.06971153846153846 0.07684795673076923
0 0.08413461538461539 0.22596153846153846 0.08173076923076923 0.08661358173076923
0 0.39903846153846156 0.296875 0.1443810096153846 0.057692307692307696
0 0.46153846153846156 0.140625 0.057767427884615384 0.038461538461538464
0 0.8209134615384616 0.057692307692307696 0.0938251201923077 0.06715745192307693
0 0.8269230769230769 0.24519230769230768 0.12980769230769232 0.13934795673076922
0 0.6911057692307693 0.2956730769230769 0.0985576923076923 0.043344350961538464
0 0.5540865384615384 0.27403846153846156 0.045748197115384616 0.1346153846153846
0 0.28846153846153844 0.5492788461538461 0.057992788461538464 0.0625
0 0.4891826923076923 0.6141826923076923 0.15384615384615385 0.16105769230769232
0 0.6201923076923077 0.6995192307692307 0.04326923076923077 0.10096153846153846
0 0.5612980769230769 0.8269230769230769 0.1875 0.08646334134615384
0 0.4266826923076923 0.8449519230769231 0.041015625 0.12244591346153846
0 0.7608173076923077 0.41586538461538464 0.13701923076923078 0.0721905048076923
0 0.7632211538461539 0.9375 0.07451923076923077 0.0674579326923077
0 0.36899038461538464 0.8413461538461539 0.0673076923076923 0.0721905048076923
0 0.11298076923076923 0.42908653846153844 0.03838641826923077 0.23805588942307693
0 0.390625 0.9735576923076923 0.021634615384615384 0.04807692307692308