0 0.5300480769230769 0.054086538461538464 0.07932692307692307 0.0840594951923077
0 0.4567307692307692 0.23918269230769232 0.028996394230769232 0.011944110576923076
0 0.7283653846153846 0.16947115384615385 0.10576923076923077 0.1034405048076923
0 0.19831730769230768 0.22355769230769232 0.21634615384615385 0.1200420673076923
0 0.20072115384615385 0.47115384615384615 0.1368689903846154 0.1778846153846154
0 0.17548076923076922 0.7091346153846154 0.1730018028846154 0.24030949519230768
0 0.4831730769230769 0.5480769230769231 0.0673076923076923 0.052884615384615384
0 0.8173076923076923 0.421875 0.10088641826923077 0.24752103365384615
0 0.9074519230769231 0.008413461538461538 0.04567307692307692 0.016826923076923076
0 0.9795673076923077 0.1622596153846154 0.036057692307692304 0.021634615384615384
0 0.6802884615384616 0.4795673076923077 0.08188100961538461 0.2140174278846154
0 0.34975961538461536 0.20793269230769232 0.04071514423076923 0.23798076923076922
0 0.6430288461538461 0.16706730769230768 0.0673076923076923 0.09134615384615384
0 0.8257211538461539 0.875 0.05055588942307692 0.024113581730769232
0 0.8100961538461539 0.7896634615384616 0.10576923076923077 0.038461538461538464
0 0.7980769230769231 0.8377403846153846 0.10096153846153846 0.04567307692307692
0 0.59375 0.8822115384615384 0.052734375 0.22603665865384615
0 0.6262019230769231 0.6574519230769231 0.07692307692307693 0.012094350961538462
0 0.30649038461538464 0.9819711538461539 0.19966947115384615 0.009615384615384616
0 0.021634615384615384 0.9771634615384616 0.043118990384615384 0.045522836538461536
0 0.10697115384615384 0.11538461538461539 0.16826923076923078 0.1251502403846154