0 0.5456730769230769 0.33774038461538464 0.052809495192307696 0.15632512019230768
0 0.2439903846153846 0.7872596153846154 0.23798076923076922 0.2692307692307692
0 0.9050480769230769 0.3918269230769231 0.18509615384615385 0.11057692307692307
0 0.6129807692307693 0.7019230769230769 0.46146334134615385 0.5960787259615384
0 0.25240384615384615 0.19831730769230768 0.14888822115384615 0.39175180288461536
0 0.21754807692307693 0.3942307692307692 0.14670973557692307 0.32211538461538464
0 0.7115384615384616 0.35096153846153844 0.12469951923076923 0.43765024038461536
0 0.8269230769230769 0.20432692307692307 0.34134615384615385 0.22115384615384615
0 0.6358173076923077 0.7572115384615384 0.7282902644230769 0.10584435096153846
0 0.36899038461538464 0.42427884615384615 0.12267127403846154 0.26209435096153844
0 0.07932692307692307 0.1622596153846154 0.15850360576923078 0.18509615384615385