0 0.07091346153846154 0.06610576923076923 0.14182692307692307 0.06490384615384616
0 0.34615384615384615 0.11177884615384616 0.05303485576923077 0.19471153846153846
0 0.4951923076923077 0.19831730769230768 0.052884615384615384 0.1611328125
0 0.5889423076923077 0.13581730769230768 0.024338942307692308 0.0889423076923077
0 0.5384615384615384 0.2848557692307692 0.062424879807692304 0.1611328125
0 0.6370192307692307 0.29447115384615385 0.052884615384615384 0.0889423076923077
0 0.1814903846153846 0.8040865384615384 0.06971153846153846 0.17548076923076922
0 0.21875 0.9483173076923077 0.08173076923076923 0.0888671875
0 0.32091346153846156 0.7872596153846154 0.15625 0.14423076923076922
0 0.4723557692307692 0.609375 0.050405649038461536 0.10824819711538461
0 0.5540865384615384 0.16826923076923078 0.0263671875 0.0625
0 0.5865384615384616 0.24158653846153846 0.019230769230769232 0.0938251201923077
0 0.6778846153846154 0.04326923076923077 0.07692307692307693 0.08158052884615384
0 0.96875 0.35216346153846156 0.057692307692307696 0.05048076923076923
0 0.5348557692307693 0.0673076923076923 0.060171274038461536 0.11538461538461539
0 0.7572115384615384 0.4855769230769231 0.033804086538461536 0.1153094951923077
0 0.5372596153846154 0.7463942307692307 0.10336538461538461 0.06971153846153846
0 0.5637019230769231 0.6165865384615384 0.10809795673076923 0.05048076923076923
0 0.7572115384615384 0.8233173076923077 0.057542067307692304 0.057692307692307696
0 0.5588942307692307 0.9002403846153846 0.04079026442307692 0.19944411057692307
0 0.6634615384615384 0.953125 0.10584435096153846 0.08413461538461539