0 0.2692307692307692 0.6598557692307693 0.1249248798076923 0.050405649038461536
0 0.34134615384615385 0.5829326923076923 0.18269230769230768 0.05521334134615385
0 0.6334134615384616 0.43990384615384615 0.12267127403846154 0.0625751201923077
0 0.8389423076923077 0.3004807692307692 0.10111177884615384 0.057692307692307696
0 0.6550480769230769 0.1814903846153846 0.0985576923076923 0.060171274038461536
0 0.6682692307692307 0.6754807692307693 0.10088641826923077 0.09119591346153846
0 0.9182692307692307 0.8713942307692307 0.08173076923076923 0.24752103365384615
0 0.46153846153846156 0.10216346153846154 0.15857872596153846 0.08413461538461539
0 0.8990384615384616 0.051682692307692304 0.0673076923076923 0.026442307692307692
0 0.7596153846153846 0.020432692307692308 0.038461538461538464 0.040865384615384616
0 0.36778846153846156 0.30408653846153844 0.033804086538461536 0.10576923076923077
0 0.5528846153846154 0.5180288461538461 0.019230769230769232 0.052884615384615384
0 0.35216346153846156 0.8509615384615384 0.045522836538461536 0.028996394230769232
0 0.10697115384615384 0.8725961538461539 0.04079026442307692 0.11538461538461539
0 0.27403846153846156 0.7524038461538461 0.03838641826923077 0.12995793269230768
0 0.8064903846153846 0.13822115384615385 0.021559495192307692 0.02403846153846154