0 0.7103365384615384 0.3245192307692308 0.15865384615384615 0.21168870192307693
0 0.5733173076923077 0.3245192307692308 0.18021334134615385 0.09149639423076923
0 0.8966346153846154 0.46153846153846156 0.028771033653846152 0.134765625
0 0.8822115384615384 0.8713942307692307 0.12965745192307693 0.2403846153846154
0 0.6935096153846154 0.8461538461538461 0.13942307692307693 0.0576171875
0 0.47475961538461536 0.7019230769230769 0.2138671875 0.03831129807692308
0 0.40625 0.8365384615384616 0.023888221153846152 0.2548076923076923
0 0.2704326923076923 0.47475961538461536 0.13236177884615385 0.04071514423076923
0 0.40024038461538464 0.46875 0.016902043269230768 0.14896334134615385
0 0.24158653846153846 0.7403846153846154 0.016751802884615384 0.24030949519230768
0 0.5805288461538461 0.109375 0.1201923076923077 0.03125