0 0.2920673076923077 0.6454326923076923 0.09840745192307693 0.15865384615384615
0 0.44591346153846156 0.5072115384615384 0.0938251201923077 0.04341947115384615
0 0.7752403846153846 0.23918269230769232 0.11298076923076923 0.19230769230769232
0 0.6526442307692307 0.08774038461538461 0.06978665865384616 0.07459435096153846
0 0.5745192307692307 0.02403846153846154 0.052884615384615384 0.04341947115384615
0 0.9663461538461539 0.6862980769230769 0.0625 0.07932692307692307
0 0.4963942307692308 0.9158653846153846 0.18028846153846154 0.125
0 0.2536057692307692 0.8713942307692307 0.09390024038461539 0.19230769230769232
0 0.33413461538461536 0.9807692307692307 0.052809495192307696 0.028996394230769232
0 0.9615384615384616 0.4110576923076923 0.07662259615384616 0.30318509615384615
0 0.5528846153846154 0.6706730769230769 0.019230769230769232 0.13942307692307693
0 0.42788461538461536 0.15865384615384615 0.34630408653846156 0.04319411057692308
0 0.7079326923076923 0.5456730769230769 0.045748197115384616 0.0625751201923077
0 0.1622596153846154 0.48677884615384615 0.0263671875 0.07932692307692307