0 0.025240384615384616 0.8076923076923077 0.05048076923076923 0.03853665865384615
0 0.2824519230769231 0.6129807692307693 0.014423076923076924 0.12950721153846154
0 0.4579326923076923 0.8209134615384616 0.050631009615384616 0.11283052884615384
0 0.06610576923076923 0.28125 0.0263671875 0.1201171875
0 0.24759615384615385 0.2824519230769231 0.10096153846153846 0.02403846153846154
0 0.09495192307692307 0.07211538461538461 0.18990384615384615 0.14423076923076922
0 0.4639423076923077 0.3137019230769231 0.09164663461538461 0.11283052884615384
0 0.43509615384615385 0.49399038461538464 0.052809495192307696 0.13709435096153846
0 0.59375 0.6430288461538461 0.04326923076923077 0.19463641826923078
0 0.4891826923076923 0.7668269230769231 0.11283052884615384 0.22115384615384615
0 0.671875 0.9615384615384616 0.03125 0.07211538461538461
0 0.7848557692307693 0.8545673076923077 0.014423076923076924 0.11778846153846154
0 0.9290865384615384 0.9170673076923077 0.04559795673076923 0.16346153846153846
0 0.8617788461538461 0.6454326923076923 0.18990384615384615 0.036057692307692304
0 0.9603365384615384 0.45913461538461536 0.05521334134615385 0.03853665865384615
0 0.9915865384615384 0.46634615384615385 0.014423076923076924 0.04807692307692308
0 0.8137019230769231 0.45552884615384615 0.021634615384615384 0.07940204326923077
0 0.8894230769230769 0.3581730769230769 0.22100360576923078 0.1201923076923077
0 0.6778846153846154 0.24158653846153846 0.09630408653846154 0.06009615384615385
0 0.4387019230769231 0.10336538461538461 0.21875 0.1297325721153846
0 0.7175480769230769 0.10336538461538461 0.16826923076923078 0.08653846153846154
0 0.9182692307692307 0.21033653846153846 0.15865384615384615 0.08413461538461539
0 0.8341346153846154 0.09375 0.25450721153846156 0.10591947115384616
0 0.5829326923076923 0.41466346153846156 0.045748197115384616 0.08413461538461539
0 0.17908653846153846 0.5564903846153846 0.0263671875 0.18997896634615385