0 0.7872596153846154 0.08173076923076923 0.15865384615384615 0.13454026442307693
0 0.41346153846153844 0.18870192307692307 0.5046574519230769 0.31009615384615385
0 0.6274038461538461 0.19951923076923078 0.20643028846153846 0.028846153846153848
0 0.042067307692307696 0.2848557692307692 0.031400240384615384 0.32466947115384615
0 0.3088942307692308 0.4326923076923077 0.13701923076923078 0.2644230769230769
0 0.1935096153846154 0.6310096153846154 0.036057692307692304 0.24759615384615385
0 0.055288461538461536 0.7668269230769231 0.043118990384615384 0.2981520432692308
0 0.5084134615384616 0.6526442307692307 0.03365384615384615 0.026442307692307692
0 0.42788461538461536 0.546875 0.14408052884615385 0.15617487980769232
0 0.6466346153846154 0.5661057692307693 0.10561899038461539 0.03365384615384615
0 0.9278846153846154 0.7668269230769231 0.14415564903846154 0.21161358173076922
0 0.9495192307692307 0.6153846153846154 0.09164663461538461 0.048227163461538464
0 0.7596153846153846 0.8269230769230769 0.12980769230769232 0.04815204326923077
0 0.3762019230769231 0.9278846153846154 0.06986177884615384 0.047776442307692304