0 0.7271634615384616 0.9326923076923077 0.0840594951923077 0.12507512019230768
0 0.4026442307692308 0.9050480769230769 0.1513671875 0.0840594951923077
0 0.10697115384615384 0.7379807692307693 0.03590745192307692 0.19696514423076922
0 0.31490384615384615 0.7536057692307693 0.19230769230769232 0.14678485576923078
0 0.10697115384615384 0.4519230769230769 0.1993689903846154 0.1541466346153846
0 0.0733173076923077 0.2824519230769231 0.1466346153846154 0.07925180288461539
0 0.30288461538461536 0.33774038461538464 0.047926682692307696 0.13942307692307693
0 0.2668269230769231 0.2536057692307692 0.14896334134615385 0.13228665865384615
0 0.11538461538461539 0.12860576923076922 0.048001802884615384 0.11538461538461539
0 0.75 0.2536057692307692 0.3556941105769231 0.375
0 0.47596153846153844 0.125 0.09134615384615384 0.15369591346153846
0 0.25721153846153844 0.5348557692307693 0.07211538461538461 0.12259615384615384
0 0.5733173076923077 0.7391826923076923 0.06956129807692307 0.15865384615384615
0 0.8701923076923077 0.5721153846153846 0.057692307692307696 0.04326923076923077
0 0.7536057692307693 0.6959134615384616 0.05536358173076923 0.04326923076923077
0 0.9639423076923077 0.5360576923076923 0.06265024038461539 0.07196514423076923
0 0.6382211538461539 0.4831730769230769 0.2980769230769231 0.15384615384615385
0 0.39302884615384615 0.43509615384615385 0.22829026442307693 0.39415564903846156
0 0.5216346153846154 0.65625 0.04341947115384615 0.024338942307692308
0 0.640625 0.6550480769230769 0.07211538461538461 0.031400240384615384
0 0.24158653846153846 0.15144230769230768 0.028846153846153848 0.07684795673076923
0 0.04326923076923077 0.15264423076923078 0.024113581730769232 0.05536358173076923
0 0.2247596153846154 0.4483173076923077 0.04326923076923077 0.026442307692307692