0 0.10216346153846154 0.08413461538461539 0.16346153846153846 0.16826923076923078
0 0.26802884615384615 0.07211538461538461 0.12259615384615384 0.14423076923076922
0 0.8377403846153846 0.734375 0.2668269230769231 0.3125
0 0.8353365384615384 0.5168269230769231 0.3245192307692308 0.15384615384615385
0 0.030048076923076924 0.6322115384615384 0.059945913461538464 0.13446514423076922
0 0.47716346153846156 0.2536057692307692 0.1346153846153846 0.1466346153846154
0 0.5528846153846154 0.7824519230769231 0.019381009615384616 0.031400240384615384
0 0.38822115384615385 0.9639423076923077 0.18494591346153846 0.014272836538461538
0 0.2403846153846154 0.9543269230769231 0.10606971153846154 0.019080528846153848
0 0.35096153846153844 0.9795673076923077 0.23565204326923078 0.021634615384615384
0 0.9783653846153846 0.6766826923076923 0.043118990384615384 0.05048076923076923
0 0.5180288461538461 0.5528846153846154 0.02403846153846154 0.03861177884615385
0 0.3737980769230769 0.2403846153846154 0.10817307692307693 0.2403846153846154
0 0.8161057692307693 0.6057692307692307 0.060171274038461536 0.048227163461538464
0 0.4254807692307692 0.4795673076923077 0.14888822115384615 0.1034405048076923
0 0.5625 0.40865384615384615 0.08165564903846154 0.009690504807692308
0 0.06370192307692307 0.4375 0.125 0.0048828125