0 0.3425480769230769 0.5913461538461539 0.4495192307692308 0.09127103365384616
0 0.5504807692307693 0.48197115384615385 0.0673076923076923 0.19471153846153846
0 0.4795673076923077 0.47836538461538464 0.07211538461538461 0.1922325721153846
0 0.40024038461538464 0.48197115384615385 0.10336538461538461 0.24519230769230768
0 0.31009615384615385 0.4254807692307692 0.08165564903846154 0.20184795673076922
0 0.3389423076923077 0.1875 0.06715745192307693 0.26938100961538464
0 0.4519230769230769 0.08653846153846154 0.14903846153846154 0.17307692307692307
0 0.8269230769230769 0.5540865384615384 0.27396334134615385 0.12259615384615384
0 0.7692307692307693 0.5612980769230769 0.05303485576923077 0.18494591346153846
0 0.8473557692307693 0.5480769230769231 0.06002103365384615 0.17795973557692307
0 0.8305288461538461 0.2536057692307692 0.06009615384615385 0.021709735576923076
0 0.953125 0.06490384615384616 0.08413461538461539 0.11057692307692307
0 0.9615384615384616 0.3076923076923077 0.04319411057692308 0.12980769230769232
0 0.7944711538461539 0.40384615384615385 0.08901742788461539 0.09607872596153846
0 0.8413461538461539 0.36778846153846156 0.11050180288461539 0.08646334134615384
0 0.7043269230769231 0.2980769230769231 0.17795973557692307 0.038461538461538464
0 0.9014423076923077 0.23317307692307693 0.023888221153846152 0.043118990384615384
0 0.9783653846153846 0.42788461538461536 0.024188701923076924 0.09600360576923077
0 0.9867788461538461 0.5300480769230769 0.026292067307692308 0.08909254807692307
0 0.5889423076923077 0.9038461538461539 0.07684795673076923 0.057692307692307696
0 0.6622596153846154 0.9170673076923077 0.0889423076923077 0.07444411057692307
0 0.7007211538461539 0.9675480769230769 0.0889423076923077 0.055288461538461536
0 0.7788461538461539 0.90625 0.06265024038461539 0.06280048076923077
0 0.9014423076923077 0.8918269230769231 0.08158052884615384 0.0576171875
0 0.9002403846153846 0.7043269230769231 0.026592548076923076 0.1873497596153846
0 0.4326923076923077 0.8978365384615384 0.05295973557692308 0.036057692307692304
0 0.4110576923076923 0.9651442307692307 0.11545973557692307 0.0625
0 0.25841346153846156 0.921875 0.19463641826923078 0.05048076923076923
0 0.28966346153846156 0.9507211538461539 0.0888671875 0.07451923076923077
0 0.16706730769230768 0.9735576923076923 0.038461538461538464 0.024188701923076924
0 0.15625 0.17427884615384615 0.09149639423076923 0.1034405048076923
0 0.2536057692307692 0.27524038461538464 0.0888671875 0.08901742788461539
0 0.3581730769230769 0.36658653846153844 0.10584435096153846 0.07692307692307693
0 0.24519230769230768 0.05889423076923077 0.06715745192307693 0.1034405048076923
0 0.12860576923076922 0.07211538461538461 0.03125 0.13934795673076922
0 0.7259615384615384 0.20552884615384615 0.02869591346153846 0.026517427884615384
0 0.6622596153846154 0.22115384615384615 0.045748197115384616 0.03831129807692308
0 0.7235576923076923 0.10576923076923077 0.03350360576923077 0.028545673076923076
0 0.8076923076923077 0.2127403846153846 0.0048828125 0.026442307692307692
0 0.8269230769230769 0.2127403846153846 0.019080528846153848 0.026517427884615384
0 0.859375 0.1778846153846154 0.01697716346153846 0.04326923076923077