0 0.25600961538461536 0.49278846153846156 0.1417518028846154 0.2452674278846154
0 0.4026442307692308 0.31009615384615385 0.016826923076923076 0.10126201923076923
0 0.6790865384615384 0.6298076923076923 0.13221153846153846 0.1971153846153846
0 0.08052884615384616 0.7572115384615384 0.02403846153846154 0.1827674278846154
0 0.19831730769230768 0.7932692307692307 0.031325120192307696 0.1827674278846154
0 0.3112980769230769 0.8317307692307693 0.04326923076923077 0.27877103365384615
0 0.8641826923076923 0.6069711538461539 0.07211538461538461 0.30994591346153844
0 0.6370192307692307 0.9807692307692307 0.033804086538461536 0.02869591346153846
0 0.056490384615384616 0.2668269230769231 0.0987079326923077 0.2166466346153846
0 0.09735576923076923 0.09975961538461539 0.036057692307692304 0.06978665865384616
0 0.9206730769230769 0.44711538461538464 0.13927283653846154 0.2498497596153846