0 0.5180288461538461 0.5889423076923077 0.07451923076923077 0.12507512019230768
0 0.6947115384615384 0.43028846153846156 0.052884615384615384 0.12034254807692307
0 0.8389423076923077 0.4050480769230769 0.03831129807692308 0.18524639423076922
0 0.6826923076923077 0.23918269230769232 0.04341947115384615 0.038461538461538464
0 0.5072115384615384 0.042067307692307696 0.07211538461538461 0.083984375
0 0.5913461538461539 0.12620192307692307 0.019230769230769232 0.07932692307692307
0 0.4026442307692308 0.8004807692307693 0.06024639423076923 0.024188701923076924
0 0.7608173076923077 0.7079326923076923 0.09848257211538461 0.04079026442307692
0 0.203125 0.5552884615384616 0.1466346153846154 0.08646334134615384
0 0.9675480769230769 0.016826923076923076 0.06482872596153846 0.023963341346153848
0 0.06490384615384616 0.171875 0.07684795673076923 0.12252103365384616
0 0.38461538461538464 0.0889423076923077 0.134765625 0.043118990384615384
0 0.2776442307692308 0.09134615384615384 0.07692307692307693 0.16338641826923078
0 0.7776442307692307 0.20673076923076922 0.07211538461538461 0.057992788461538464
0 0.8197115384615384 0.10336538461538461 0.07684795673076923 0.1971153846153846
0 0.33653846153846156 0.9651442307692307 0.14415564903846154 0.0361328125
0 0.4026442307692308 0.3173076923076923 0.17059795673076922 0.028771033653846152
0 0.37259615384615385 0.39903846153846156 0.08188100961538461 0.14423076923076922
0 0.4206730769230769 0.17668269230769232 0.24030949519230768 0.06482872596153846
0 0.21875 0.19471153846153846 0.2693058894230769 0.14918870192307693
0 0.5036057692307693 0.11177884615384616 0.031174879807692308 0.14182692307692307
0 0.6334134615384616 0.9519230769230769 0.08653846153846154 0.02869591346153846
0 0.4987980769230769 0.9302884615384616 0.04326923076923077 0.13934795673076922
0 0.14903846153846154 0.7848557692307693 0.038461538461538464 0.052884615384615384
0 0.1310096153846154 0.026442307692307692 0.016751802884615384 0.052884615384615384
0 0.6947115384615384 0.016826923076923076 0.02403846153846154 0.033578725961538464
0 0.5721153846153846 0.7764423076923077 0.033578725961538464 0.02403846153846154
0 0.4483173076923077 0.5973557692307693 0.052884615384615384 0.05048076923076923
0 0.7644230769230769 0.9026442307692307 0.09127103365384616 0.12259615384615384
0 0.6478365384615384 0.06850961538461539 0.08413461538461539 0.052884615384615384
0 0.5384615384615384 0.11778846153846154 0.01434795673076923 0.07196514423076923