0 0.8040865384615384 0.037259615384615384 0.12740384615384615 0.06482872596153846
0 0.6971153846153846 0.13822115384615385 0.10088641826923077 0.10817307692307693
0 0.6911057692307693 0.33774038461538464 0.13236177884615385 0.0889423076923077
0 0.41466346153846156 0.546875 0.07459435096153846 0.11290564903846154
0 0.5697115384615384 0.39302884615384615 0.13454026442307693 0.10817307692307693
0 0.5084134615384616 0.03245192307692308 0.045823317307692304 0.055288461538461536
0 0.3858173076923077 0.0625 0.14670973557692307 0.07211538461538461
0 0.23317307692307693 0.7163461538461539 0.09615384615384616 0.09622896634615384
0 0.21634615384615385 0.4411057692307692 0.048227163461538464 0.2236328125
0 0.36177884615384615 0.43509615384615385 0.04567307692307692 0.11538461538461539
0 0.055288461538461536 0.27403846153846156 0.08158052884615384 0.10576923076923077