0 0.3173076923076923 0.2956730769230769 0.048227163461538464 0.062424879807692304
0 0.12259615384615384 0.10096153846153846 0.03350360576923077 0.12484975961538461
0 0.17307692307692307 0.6153846153846154 0.06715745192307693 0.20184795673076922
0 0.375 0.4795673076923077 0.038161057692307696 0.15129206730769232
0 0.49278846153846156 0.054086538461538464 0.21634615384615385 0.10817307692307693
0 0.6634615384615384 0.47716346153846156 0.052809495192307696 0.2907902644230769
0 0.8341346153846154 0.4098557692307692 0.12965745192307693 0.1778846153846154
0 0.33653846153846156 0.8954326923076923 0.1346153846153846 0.20432692307692307
0 0.18389423076923078 0.8581730769230769 0.19463641826923078 0.19719050480769232
0 0.5228365384615384 0.8173076923076923 0.17555588942307693 0.21161358173076922
0 0.7716346153846154 0.7572115384615384 0.09149639423076923 0.11989182692307693
0 0.8713942307692307 0.609375 0.12755408653846154 0.146484375
0 0.6911057692307693 0.9038461538461539 0.21394230769230768 0.15377103365384615
0 0.6382211538461539 0.25841346153846156 0.19951923076923078 0.5168269230769231
0 0.021634615384615384 0.8954326923076923 0.04319411057692308 0.07940204326923077
0 0.008413461538461538 0.6634615384615384 0.016826923076923076 0.047926682692307696
0 0.7620192307692307 0.625 0.043569711538461536 0.07211538461538461
0 0.7055288461538461 0.6262019230769231 0.026517427884615384 0.05048076923076923
0 0.734375 0.6646634615384616 0.04079026442307692 0.050405649038461536
0 0.8521634615384616 0.7295673076923077 0.0673076923076923 0.052884615384615384
0 0.8341346153846154 0.9699519230769231 0.17315204326923078 0.050405649038461536
0 0.3737980769230769 0.15745192307692307 0.06490384615384616 0.12259615384615384