0 0.03365384615384615 0.09975961538461539 0.038461538461538464 0.19951923076923078
0 0.3473557692307692 0.17548076923076922 0.07940204326923077 0.03350360576923077
0 0.4230769230769231 0.4014423076923077 0.08653846153846154 0.08638822115384616
0 0.6742788461538461 0.3713942307692308 0.19471153846153846 0.11538461538461539
0 0.734375 0.109375 0.13228665865384615 0.028846153846153848
0 0.27283653846153844 0.5204326923076923 0.18990384615384615 0.18021334134615385
0 0.04567307692307692 0.38822115384615385 0.09119591346153846 0.103515625
0 0.6598557692307693 0.7944711538461539 0.09615384615384616 0.1083233173076923
0 0.4675480769230769 0.6706730769230769 0.12755408653846154 0.13010817307692307
0 0.42427884615384615 0.9567307692307693 0.19951923076923078 0.08173076923076923
0 0.16105769230769232 0.7536057692307693 0.17795973557692307 0.13942307692307693
0 0.8425480769230769 0.5805288461538461 0.07459435096153846 0.0361328125
0 0.5528846153846154 0.9411057692307693 0.062424879807692304 0.1034405048076923
0 0.35096153846153844 0.8473557692307693 0.038461538461538464 0.05055588942307692