0 0.09975961538461539 0.5793269230769231 0.03365384615384615 0.07204026442307693
0 0.1658653846153846 0.7151442307692307 0.019230769230769232 0.0361328125
0 0.5697115384615384 0.5096153846153846 0.08173076923076923 0.33646334134615385
0 0.39302884615384615 0.20432692307692307 0.18975360576923078 0.07211538461538461
0 0.5877403846153846 0.25721153846153844 0.18269230769230768 0.15865384615384615
0 0.3629807692307692 0.7536057692307693 0.125 0.06490384615384616
0 0.40024038461538464 0.6454326923076923 0.26186899038461536 0.057692307692307696
0 0.47836538461538464 0.5084134615384616 0.09142127403846154 0.04567307692307692
0 0.3641826923076923 0.4735576923076923 0.09848257211538461 0.2546574519230769
0 0.0625 0.16466346153846154 0.125 0.17540564903846154
0 0.9110576923076923 0.16466346153846154 0.0673076923076923 0.055288461538461536
0 0.8209134615384616 0.04326923076923077 0.08901742788461539 0.02892127403846154
0 0.9146634615384616 0.052884615384615384 0.17059795673076922 0.07692307692307693
0 0.7439903846153846 0.4735576923076923 0.10329026442307693 0.4375751201923077
0 0.8185096153846154 0.13341346153846154 0.0791766826923077 0.12274639423076923