0 0.007211538461538462 0.03365384615384615 0.009615384615384616 0.019381009615384616
0 0.140625 0.046875 0.031325120192307696 0.016826923076923076
0 0.09134615384615384 0.03365384615384615 0.019230769230769232 0.057992788461538464
0 0.05048076923076923 0.2668269230769231 0.09622896634615384 0.019230769230769232
0 0.1622596153846154 0.3004807692307692 0.0673076923076923 0.04319411057692308
0 0.09134615384615384 0.13581730769230768 0.004807692307692308 0.06009615384615385
0 0.14903846153846154 0.1814903846153846 0.03831129807692308 0.007286658653846154
0 0.33533653846153844 0.18990384615384615 0.031325120192307696 0.014498197115384616
0 0.24879807692307693 0.22235576923076922 0.007286658653846154 0.021559495192307692
0 0.28125 0.23918269230769232 0.01915564903846154 0.031325120192307696
0 0.040865384615384616 0.4831730769230769 0.033578725961538464 0.028771033653846152
0 0.11177884615384616 0.5324519230769231 0.055288461538461536 0.040865384615384616
0 0.19110576923076922 0.5925480769230769 0.07459435096153846 0.06009615384615385
0 0.3798076923076923 0.7836538461538461 0.038461538461538464 0.0576171875
0 0.2920673076923077 0.6887019230769231 0.11057692307692307 0.11778846153846154
0 0.21394230769230768 0.46153846153846156 0.10081129807692307 0.16331129807692307
0 0.17067307692307693 0.6165865384615384 0.0576171875 0.11305588942307693
0 0.4951923076923077 0.5841346153846154 0.047776442307692304 0.1102764423076923
0 0.31009615384615385 0.4326923076923077 0.014272836538461538 0.05784254807692308
0 0.24879807692307693 0.29086538461538464 0.014423076923076924 0.08173076923076923
0 0.27884615384615385 0.28846153846153844 0.08638822115384616 0.03861177884615385
0 0.171875 0.5036057692307693 0.021559495192307692 0.03365384615384615
0 0.08413461538461539 0.25 0.005108173076923077 0.023888221153846152
0 0.027644230769230768 0.30528846153846156 0.014423076923076924 0.023888221153846152
0 0.49759615384615385 0.3858173076923077 0.08188100961538461 0.1993689903846154
0 0.3557692307692308 0.43028846153846156 0.02892127403846154 0.09149639423076923
0 0.3112980769230769 0.359375 0.031174879807692308 0.14903846153846154
0 0.2704326923076923 0.5264423076923077 0.021634615384615384 0.23557692307692307
0 0.3076923076923077 0.5456730769230769 0.03365384615384615 0.14415564903846154
0 0.43028846153846156 0.4735576923076923 0.014498197115384616 0.16338641826923078
0 0.48197115384615385 0.5384615384615384 0.06002103365384615 0.09134615384615384
0 0.30288461538461536 0.8233173076923077 0.04319411057692308 0.09134615384615384
0 0.24278846153846154 0.9338942307692307 0.033804086538461536 0.05055588942307692
0 0.056490384615384616 0.8798076923076923 0.007211538461538462 0.019230769230769232
0 0.0985576923076923 0.7632211538461539 0.009540264423076924 0.016751802884615384
0 0.5889423076923077 0.5408653846153846 0.05295973557692308 0.14911358173076922
0 0.5036057692307693 0.6935096153846154 0.11771334134615384 0.1515174278846154
0 0.5733173076923077 0.09134615384615384 0.016826923076923076 0.14430588942307693
0 0.5673076923076923 0.10817307692307693 0.1251502403846154 0.21153846153846154
0 0.3641826923076923 0.6370192307692307 0.014423076923076924 0.024113581730769232
0 0.5889423076923077 0.6322115384615384 0.024338942307692308 0.08173076923076923
0 0.6045673076923077 0.5673076923076923 0.05055588942307692 0.07677283653846154