0 0.07692307692307693 0.47836538461538464 0.10096153846153846 0.12965745192307693
0 0.484375 0.6670673076923077 0.20920973557692307 0.05055588942307692
0 0.6538461538461539 0.890625 0.10096153846153846 0.21394230769230768
0 0.9146634615384616 0.6802884615384616 0.0889423076923077 0.24489182692307693
0 0.8341346153846154 0.9014423076923077 0.07196514423076923 0.19696514423076922
0 0.5625 0.17548076923076922 0.13942307692307693 0.08188100961538461
0 0.6875 0.07572115384615384 0.11057692307692307 0.11290564903846154
0 0.4735576923076923 0.08173076923076923 0.13469050480769232 0.10103665865384616
0 0.9314903846153846 0.2247596153846154 0.13694411057692307 0.031174879807692308
0 0.8329326923076923 0.46153846153846156 0.035982572115384616 0.019305889423076924
0 0.7055288461538461 0.19110576923076922 0.055288461538461536 0.021559495192307692