0 0.25841346153846156 0.5252403846153846 0.026442307692307692 0.11771334134615384
0 0.11658653846153846 0.6802884615384616 0.06475360576923077 0.2166466346153846
0 0.23197115384615385 0.8028846153846154 0.18021334134615385 0.062424879807692304
0 0.59375 0.7524038461538461 0.05295973557692308 0.1346153846153846
0 0.6382211538461539 0.8245192307692307 0.057692307692307696 0.07204026442307693
0 0.4110576923076923 0.2127403846153846 0.18742487980769232 0.12747896634615385
0 0.5769230769230769 0.3317307692307692 0.0674579326923077 0.1153094951923077
0 0.6382211538461539 0.22235576923076922 0.06505408653846154 0.11283052884615384
0 0.7896634615384616 0.359375 0.05513822115384615 0.6897536057692307
0 0.859375 0.6117788461538461 0.07459435096153846 0.28846153846153844
0 0.44471153846153844 0.9387019230769231 0.05295973557692308 0.12252103365384616
0 0.19951923076923078 0.9423076923076923 0.08661358173076923 0.10576923076923077
0 0.8533653846153846 0.9483173076923077 0.0673076923076923 0.10329026442307693
0 0.027644230769230768 0.12259615384615384 0.05048076923076923 0.15850360576923078
0 0.2668269230769231 0.06971153846153846 0.20673076923076922 0.11538461538461539