0 0.20192307692307693 0.038461538461538464 0.009615384615384616 0.03365384615384615
0 0.2980769230769231 0.21033653846153846 0.07692307692307693 0.3005558894230769
0 0.4098557692307692 0.12139423076923077 0.011944110576923076 0.021559495192307692
0 0.1045673076923077 0.06009615384615385 0.007211538461538462 0.009615384615384616
0 0.140625 0.23798076923076922 0.031400240384615384 0.057692307692307696
0 0.10096153846153846 0.22716346153846154 0.019305889423076924 0.026442307692307692
0 0.19591346153846154 0.24639423076923078 0.03125 0.04079026442307692
0 0.04326923076923077 0.44711538461538464 0.048227163461538464 0.10576923076923077
0 0.040865384615384616 0.7644230769230769 0.0625 0.1922325721153846
0 0.14783653846153846 0.3076923076923077 0.02403846153846154 0.06715745192307693
0 0.0985576923076923 0.30288461538461536 0.03861177884615385 0.09149639423076923
0 0.24519230769230768 0.3173076923076923 0.052884615384615384 0.22603665865384615
0 0.29927884615384615 0.2980769230769231 0.1201923076923077 0.23076923076923078
0 0.4026442307692308 0.45913461538461536 0.012094350961538462 0.062349759615384616
0 0.11778846153846154 0.4254807692307692 0.13454026442307693 0.21642127403846154
0 0.030048076923076924 0.38100961538461536 0.05513822115384615 0.052884615384615384
0 0.11177884615384616 0.6466346153846154 0.02403846153846154 0.02403846153846154
0 0.20552884615384615 0.53125 0.02403846153846154 0.09134615384615384
0 0.027644230769230768 0.6286057692307693 0.05521334134615385 0.07451923076923077
0 0.025240384615384616 0.9302884615384616 0.01697716346153846 0.13927283653846154
0 0.140625 0.5420673076923077 0.0888671875 0.12732872596153846
0 0.2091346153846154 0.44350961538461536 0.04341947115384615 0.07451923076923077
0 0.22956730769230768 0.6033653846153846 0.016826923076923076 0.09607872596153846
0 0.20793269230769232 0.6947115384615384 0.031325120192307696 0.08188100961538461
0 0.019230769230769232 0.5612980769230769 0.00946514423076923 0.059945913461538464
0 0.11899038461538461 0.47596153846153844 0.03365384615384615 0.10591947115384616
0 0.34134615384615385 0.6057692307692307 0.04326923076923077 0.2692307692307692
0 0.25240384615384615 0.6262019230769231 0.0576171875 0.11298076923076923
0 0.2764423076923077 0.46153846153846156 0.028771033653846152 0.07677283653846154
0 0.3016826923076923 0.5432692307692307 0.0361328125 0.048227163461538464
0 0.5817307692307693 0.10336538461538461 0.06723257211538461 0.20184795673076922
0 0.8545673076923077 0.11538461538461539 0.031099759615384616 0.23046875
0 0.8052884615384616 0.05889423076923077 0.21153846153846154 0.08653846153846154
0 0.5745192307692307 0.49759615384615385 0.14918870192307693 0.11072716346153846
0 0.7223557692307693 0.6129807692307693 0.040865384615384616 0.052734375
0 0.6742788461538461 0.39783653846153844 0.019230769230769232 0.12267127403846154
0 0.5697115384615384 0.9290865384615384 0.009765625 0.0625
0 0.5348557692307693 0.8509615384615384 0.011944110576923076 0.043344350961538464
0 0.6598557692307693 0.7127403846153846 0.08413461538461539 0.14903846153846154
0 0.9206730769230769 0.9375 0.028996394230769232 0.10096153846153846
0 0.9002403846153846 0.7620192307692307 0.031325120192307696 0.1104266826923077
0 0.71875 0.7644230769230769 0.062349759615384616 0.09630408653846154
0 0.6947115384615384 0.8125 0.09600360576923077 0.09645432692307693
0 0.6177884615384616 0.9471153846153846 0.02869591346153846 0.05739182692307692
0 0.5829326923076923 0.6490384615384616 0.050405649038461536 0.18254206730769232
0 0.5925480769230769 0.6598557692307693 0.04326923076923077 0.14182692307692307
0 0.7139423076923077 0.46634615384615385 0.1104266826923077 0.11538461538461539
0 0.7680288461538461 0.4387019230769231 0.0888671875 0.2548076923076923
0 0.9699519230769231 0.38822115384615385 0.05521334134615385 0.035982572115384616
0 0.9927884615384616 0.47716346153846156 0.01434795673076923 0.021559495192307692
0 0.8305288461538461 0.8209134615384616 0.10817307692307693 0.2091346153846154
0 0.8978365384615384 0.9266826923076923 0.012094350961538462 0.07932692307692307
0 0.9795673076923077 0.2247596153846154 0.036057692307692304 0.21394230769230768
0 0.9002403846153846 0.23918269230769232 0.12259615384615384 0.026442307692307692
0 0.6201923076923077 0.41346153846153844 0.009765625 0.10561899038461539
0 0.38461538461538464 0.08413461538461539 0.01434795673076923 0.01915564903846154