0 0.27163461538461536 0.7668269230769231 0.043118990384615384 0.09615384615384616
0 0.40625 0.8677884615384616 0.04815204326923077 0.12965745192307693
0 0.3137019230769231 0.4891826923076923 0.15617487980769232 0.16105769230769232
0 0.5 0.3918269230769231 0.14430588942307693 0.09134615384615384
0 0.8713942307692307 0.21033653846153846 0.1611328125 0.07444411057692307
0 0.7584134615384616 0.11538461538461539 0.10096153846153846 0.22130408653846154
0 0.6646634615384616 0.34134615384615385 0.07459435096153846 0.1827674278846154
0 0.5793269230769231 0.5480769230769231 0.07204026442307693 0.16346153846153846
0 0.4987980769230769 0.7451923076923077 0.07451923076923077 0.17780949519230768
0 0.5985576923076923 0.9074519230769231 0.033804086538461536 0.17540564903846154
0 0.43149038461538464 0.9170673076923077 0.0625 0.146484375
0 0.234375 0.3173076923076923 0.028846153846153848 0.16346153846153846
0 0.45552884615384615 0.19831730769230768 0.10336538461538461 0.0985576923076923
0 0.12860576923076922 0.6742788461538461 0.052884615384615384 0.14670973557692307