0 0.6033653846153846 0.41225961538461536 0.0625751201923077 0.18517127403846154
0 0.421875 0.38221153846153844 0.019230769230769232 0.06723257211538461
0 0.4963942307692308 0.39783653846153844 0.026442307692307692 0.10336538461538461
0 0.28846153846153844 0.41586538461538464 0.038461538461538464 0.16826923076923078
0 0.1502403846153846 0.5192307692307693 0.016902043269230768 0.13469050480769232
0 0.28365384615384615 0.8329326923076923 0.06723257211538461 0.15384615384615385
0 0.4254807692307692 0.7644230769230769 0.033353365384615384 0.21168870192307693
0 0.12740384615384615 0.7379807692307693 0.2548076923076923 0.028996394230769232
0 0.84375 0.9591346153846154 0.10591947115384616 0.03350360576923077
0 0.7956730769230769 0.6514423076923077 0.26449819711538464 0.0625751201923077
0 0.7680288461538461 0.84375 0.17307692307692307 0.03831129807692308
0 0.9242788461538461 0.22716346153846154 0.07436899038461539 0.07451923076923077
0 0.7451923076923077 0.11177884615384616 0.02869591346153846 0.1034405048076923