0 0.5673076923076923 0.18629807692307693 0.13469050480769232 0.050405649038461536
0 0.7788461538461539 0.2403846153846154 0.11538461538461539 0.0673076923076923
0 0.8942307692307693 0.3641826923076923 0.09127103365384616 0.14903846153846154
0 0.36658653846153844 0.39663461538461536 0.10336538461538461 0.0625751201923077
0 0.24879807692307693 0.2620192307692308 0.09375 0.17315204326923078
0 0.38221153846153844 0.21514423076923078 0.04815204326923077 0.06978665865384616
0 0.6682692307692307 0.49278846153846156 0.07204026442307693 0.12995793269230768
0 0.44471153846153844 0.6838942307692307 0.14903846153846154 0.10576923076923077
0 0.2548076923076923 0.4951923076923077 0.052884615384615384 0.17292668269230768
0 0.14302884615384615 0.6009615384615384 0.045748197115384616 0.20207331730769232
0 0.8653846153846154 0.9122596153846154 0.06723257211538461 0.11290564903846154
0 0.9399038461538461 0.8918269230769231 0.03350360576923077 0.052734375
0 0.8028846153846154 0.7764423076923077 0.014498197115384616 0.10096153846153846
0 0.5180288461538461 0.8425480769230769 0.09134615384615384 0.1368689903846154
0 0.4579326923076923 0.5396634615384616 0.0625 0.0936748798076923