0 0.8677884615384616 0.3112980769230769 0.0625 0.03125
0 0.8557692307692307 0.27403846153846156 0.0576171875 0.03838641826923077
0 0.7956730769230769 0.328125 0.03838641826923077 0.031174879807692308
0 0.7788461538461539 0.29447115384615385 0.0721905048076923 0.03365384615384615
0 0.9230769230769231 0.5721153846153846 0.03831129807692308 0.1443810096153846
0 0.9759615384615384 0.6814903846153846 0.038461538461538464 0.13213641826923078
0 0.8305288461538461 0.06009615384615385 0.18269230769230768 0.028846153846153848
0 0.8870192307692307 0.41947115384615385 0.07196514423076923 0.15384615384615385
0 0.6935096153846154 0.078125 0.12267127403846154 0.1346153846153846
0 0.5925480769230769 0.014423076923076924 0.12740384615384615 0.01953125
0 0.6298076923076923 0.08533653846153846 0.1201171875 0.09134615384615384
0 0.6418269230769231 0.3112980769230769 0.0625751201923077 0.10096153846153846
0 0.765625 0.4182692307692308 0.14903846153846154 0.09127103365384616
0 0.5024038461538461 0.23677884615384615 0.21642127403846154 0.22596153846153846
0 0.5240384615384616 0.18870192307692307 0.3750751201923077 0.3605769230769231
0 0.4338942307692308 0.06490384615384616 0.2548076923076923 0.1201923076923077
0 0.2620192307692308 0.20192307692307693 0.14423076923076922 0.2549579326923077
0 0.296875 0.44591346153846156 0.16090745192307693 0.10817307692307693
0 0.33413461538461536 0.5168269230769231 0.20207331730769232 0.27869591346153844
0 0.5432692307692307 0.6346153846153846 0.04319411057692308 0.028996394230769232
0 0.33052884615384615 0.9290865384615384 0.038461538461538464 0.14167668269230768
0 0.25600961538461536 0.9014423076923077 0.19951923076923078 0.19704026442307693
0 0.12259615384615384 0.9350961538461539 0.052884615384615384 0.043344350961538464
0 0.1346153846153846 0.9146634615384616 0.2596905048076923 0.0985576923076923
0 0.8221153846153846 0.7211538461538461 0.014573317307692308 0.06265024038461539
0 0.9735576923076923 0.28966346153846156 0.038461538461538464 0.08173076923076923