0 0.22956730769230768 0.0733173076923077 0.11298076923076923 0.10576923076923077
0 0.5661057692307693 0.06370192307692307 0.1971153846153846 0.06002103365384615
0 0.3161057692307692 0.3401442307692308 0.1034405048076923 0.2548076923076923
0 0.18629807692307693 0.41586538461538464 0.0625 0.15850360576923078
0 0.13341346153846154 0.0625 0.052884615384615384 0.057692307692307696
0 0.7079326923076923 0.10576923076923077 0.021709735576923076 0.12484975961538461
0 0.29927884615384615 0.75 0.11298076923076923 0.062424879807692304
0 0.30528846153846156 0.703125 0.1153094951923077 0.04326923076923077
0 0.13701923076923078 0.5769230769230769 0.09149639423076923 0.019305889423076924
0 0.47115384615384615 0.6622596153846154 0.03365384615384615 0.016826923076923076
0 0.5540865384615384 0.6646634615384616 0.06963641826923077 0.021559495192307692
0 0.44350961538461536 0.9711538461538461 0.11298076923076923 0.052884615384615384
0 0.5516826923076923 0.3425480769230769 0.050631009615384616 0.05033052884615385
0 0.5252403846153846 0.26802884615384615 0.07692307692307693 0.09615384615384616
0 0.5528846153846154 0.8449519230769231 0.04319411057692308 0.17307692307692307
0 0.5456730769230769 0.8834134615384616 0.17292668269230768 0.057692307692307696
0 0.6754807692307693 0.8954326923076923 0.09630408653846154 0.02403846153846154