0 0.18870192307692307 0.1141826923076923 0.07451923076923077 0.22115384615384615
0 0.265625 0.15264423076923078 0.03365384615384615 0.036057692307692304
0 0.6778846153846154 0.03365384615384615 0.04807692307692308 0.0625751201923077
0 0.4495192307692308 0.07572115384615384 0.08646334134615384 0.031174879807692308
0 0.5721153846153846 0.040865384615384616 0.047926682692307696 0.03395432692307692
0 0.4675480769230769 0.49278846153846156 0.0840594951923077 0.024113581730769232
0 0.4014423076923077 0.08653846153846154 0.1201171875 0.14911358173076922
0 0.15745192307692307 0.45072115384615385 0.04559795673076923 0.4205979567307692
0 0.12139423076923077 0.8677884615384616 0.036207932692307696 0.14933894230769232
0 0.35697115384615385 0.7487980769230769 0.10817307692307693 0.18494591346153846
0 0.5685096153846154 0.671875 0.11786358173076923 0.04807692307692308
0 0.4230769230769231 0.21995192307692307 0.24519230769230768 0.11778846153846154
0 0.6862980769230769 0.12620192307692307 0.28125 0.07211538461538461
0 0.8076923076923077 0.0733173076923077 0.17795973557692307 0.0986328125
0 0.96875 0.038461538461538464 0.04326923076923077 0.057542067307692304
0 0.8269230769230769 0.7019230769230769 0.18757512019230768 0.08638822115384616
0 0.6117788461538461 0.7920673076923077 0.07932692307692307 0.026592548076923076
0 0.4411057692307692 0.6081730769230769 0.12259615384615384 0.043118990384615384