0 0.10336538461538461 0.16105769230769232 0.0625 0.12034254807692307
0 0.2283653846153846 0.17307692307692307 0.1876502403846154 0.16834435096153846
0 0.4519230769230769 0.24879807692307693 0.1778846153846154 0.05543870192307692
0 0.43990384615384615 0.3293269230769231 0.057767427884615384 0.15384615384615385
0 0.2800480769230769 0.5180288461538461 0.14655949519230768 0.0625
0 0.5913461538461539 0.5060096153846154 0.07204026442307693 0.13694411057692307
0 0.890625 0.27283653846153844 0.055288461538461536 0.17555588942307693
0 0.6213942307692307 0.038461538461538464 0.019230769230769232 0.07692307692307693
0 0.5697115384615384 0.04567307692307692 0.023888221153846152 0.09127103365384616
0 0.4963942307692308 0.7259615384615384 0.06497896634615384 0.023963341346153848
0 0.45072115384615385 0.8966346153846154 0.15617487980769232 0.03365384615384615
0 0.8425480769230769 0.5817307692307693 0.0938251201923077 0.038461538461538464
0 0.8365384615384616 0.9471153846153846 0.1346153846153846 0.09600360576923077
0 0.7391826923076923 0.84375 0.09615384615384616 0.028846153846153848
0 0.11057692307692307 0.8016826923076923 0.0770733173076923 0.05536358173076923
0 0.24759615384615385 0.7451923076923077 0.04341947115384615 0.07699819711538461
0 0.7548076923076923 0.3269230769230769 0.04319411057692308 0.1201171875
0 0.5973557692307693 0.8473557692307693 0.036057692307692304 0.15625
0 0.8329326923076923 0.0625 0.09390024038461539 0.12469951923076923
0 0.7199519230769231 0.12860576923076922 0.04567307692307692 0.04079026442307692
0 0.41466346153846156 0.02283653846153846 0.1466346153846154 0.03365384615384615
0 0.3918269230769231 0.09735576923076923 0.11065204326923077 0.050405649038461536
0 0.5348557692307693 0.06009615384615385 0.036057692307692304 0.1201923076923077
0 0.6153846153846154 0.26802884615384615 0.048227163461538464 0.03365384615384615
0 0.30528846153846156 0.06490384615384616 0.04326923076923077 0.1153094951923077