0 0.8617788461538461 0.9098557692307693 0.1466346153846154 0.11298076923076923
0 0.7872596153846154 0.9086538461538461 0.08901742788461539 0.11065204326923077
0 0.8293269230769231 0.8233173076923077 0.22115384615384615 0.18494591346153846
0 0.7223557692307693 0.9338942307692307 0.038461538461538464 0.07459435096153846
0 0.7451923076923077 0.9927884615384616 0.02403846153846154 0.01434795673076923
0 0.5877403846153846 0.9459134615384616 0.04807692307692308 0.10809795673076923
0 0.6742788461538461 0.9471153846153846 0.045823317307692304 0.10546875
0 0.6983173076923077 0.7920673076923077 0.040865384615384616 0.06963641826923077
0 0.5877403846153846 0.8100961538461539 0.06978665865384616 0.17795973557692307
0 0.7463942307692307 0.36658653846153844 0.2548076923076923 0.06963641826923077
0 0.47596153846153844 0.45913461538461536 0.028771033653846152 0.062424879807692304
0 0.5805288461538461 0.4519230769230769 0.10809795673076923 0.08653846153846154
0 0.5889423076923077 0.49759615384615385 0.15384615384615385 0.14873798076923078
0 0.6334134615384616 0.5144230769230769 0.2332481971153846 0.23091947115384615
0 0.6694711538461539 0.703125 0.4592097355769231 0.3918269230769231
0 0.38100961538461536 0.7860576923076923 0.11298076923076923 0.17803485576923078
0 0.21634615384615385 0.78125 0.16346153846153846 0.4374248798076923
0 0.3293269230769231 0.46274038461538464 0.1923828125 0.2763671875
0 0.3317307692307692 0.15144230769230768 0.04319411057692308 0.1827674278846154
0 0.4483173076923077 0.1971153846153846 0.11778846153846154 0.2643479567307692
0 0.16706730769230768 0.18389423076923078 0.17540564903846154 0.3486328125