0 0.010817307692307692 0.09375 0.021634615384615384 0.014272836538461538
0 0.12980769230769232 0.02283653846153846 0.019230769230769232 0.04567307692307692
0 0.10817307692307693 0.12139423076923077 0.014573317307692308 0.08413461538461539
0 0.2668269230769231 0.10576923076923077 0.21642127403846154 0.1201171875
0 0.2283653846153846 0.01201923076923077 0.052809495192307696 0.02403846153846154
0 0.41346153846153844 0.1778846153846154 0.16316105769230768 0.09615384615384616
0 0.29086538461538464 0.3894230769230769 0.5289212740384616 0.15857872596153846
0 0.11298076923076923 0.5516826923076923 0.16338641826923078 0.1513671875
0 0.6105769230769231 0.08653846153846154 0.0625751201923077 0.01915564903846154
0 0.5793269230769231 0.06971153846153846 0.10561899038461539 0.13927283653846154
0 0.5997596153846154 0.734375 0.002403846153846154 0.1971153846153846
0 0.5685096153846154 0.8040865384615384 0.052884615384615384 0.13221153846153846
0 0.6322115384615384 0.9567307692307693 0.03365384615384615 0.08173076923076923
0 0.25240384615384615 0.7151442307692307 0.11057692307692307 0.05055588942307692
0 0.4074519230769231 0.9411057692307693 0.07451923076923077 0.11298076923076923
0 0.15144230769230768 0.8497596153846154 0.15392127403846154 0.06482872596153846