0 0.8064903846153846 0.4362980769230769 0.040865384615384616 0.18524639423076922
0 0.9459134615384616 0.6370192307692307 0.10809795673076923 0.08173076923076923
0 0.9086538461538461 0.3076923076923077 0.12507512019230768 0.23084435096153846
0 0.8269230769230769 0.8557692307692307 0.11050180288461539 0.08180588942307693
0 0.6478365384615384 0.7283653846153846 0.007061298076923077 0.08143028846153846
0 0.6334134615384616 0.4098557692307692 0.050405649038461536 0.0361328125
0 0.030048076923076924 0.09615384615384616 0.06009615384615385 0.028846153846153848
0 0.24879807692307693 0.052884615384615384 0.18990384615384615 0.028771033653846152
0 0.2956730769230769 0.8557692307692307 0.08653846153846154 0.1923828125
0 0.5673076923076923 0.8774038461538461 0.11538461538461539 0.03838641826923077
0 0.29086538461538464 0.5360576923076923 0.009540264423076924 0.15880408653846154
0 0.3245192307692308 0.5637019230769231 0.0625751201923077 0.10096153846153846
0 0.5612980769230769 0.15384615384615385 0.11778846153846154 0.3076923076923077
0 0.11298076923076923 0.8064903846153846 0.07211538461538461 0.03365384615384615
0 0.33653846153846156 0.2920673076923077 0.019230769230769232 0.08653846153846154
0 0.3004807692307692 0.3449519230769231 0.052884615384615384 0.021559495192307692
0 0.11778846153846154 0.5853365384615384 0.014122596153846154 0.16346153846153846
0 0.10576923076923077 0.7307692307692307 0.03365384615384615 0.09127103365384616
0 0.10336538461538461 0.25240384615384615 0.043118990384615384 0.04807692307692308
0 0.052884615384615384 0.765625 0.04319411057692308 0.021559495192307692
0 0.05048076923076923 0.7175480769230769 0.033804086538461536 0.014423076923076924
0 0.046875 0.6995192307692307 0.028846153846153848 0.014272836538461538