0 0.09975961538461539 0.1622596153846154 0.12725360576923078 0.10576923076923077
0 0.13581730769230768 0.24158653846153846 0.031325120192307696 0.14670973557692307
0 0.08774038461538461 0.4266826923076923 0.06490384615384616 0.11538461538461539
0 0.021634615384615384 0.3016826923076923 0.04326923076923077 0.06971153846153846
0 0.265625 0.43028846153846156 0.31978665865384615 0.17307692307692307
0 0.28725961538461536 0.2800480769230769 0.08173076923076923 0.25721153846153844
0 0.3858173076923077 0.3233173076923077 0.1346153846153846 0.040865384615384616
0 0.5492788461538461 0.20192307692307693 0.1778846153846154 0.23557692307692307
0 0.6887019230769231 0.18028846153846154 0.07444411057692307 0.08188100961538461
0 0.14543269230769232 0.6382211538461539 0.17533052884615385 0.12980769230769232
0 0.22716346153846154 0.7896634615384616 0.12747896634615385 0.07932692307692307
0 0.38341346153846156 0.6213942307692307 0.07451923076923077 0.13709435096153846
0 0.5649038461538461 0.5733173076923077 0.04341947115384615 0.031174879807692308
0 0.6682692307692307 0.44711538461538464 0.03861177884615385 0.03838641826923077
0 0.5132211538461539 0.35096153846153844 0.07466947115384616 0.15865384615384615
0 0.5793269230769231 0.35216346153846156 0.023963341346153848 0.06971153846153846
0 0.41346153846153844 0.39783653846153844 0.20192307692307693 0.05048076923076923
0 0.7884615384615384 0.32091346153846156 0.10584435096153846 0.2668269230769231
0 0.9579326923076923 0.2091346153846154 0.07932692307692307 0.04807692307692308
0 0.8377403846153846 0.6105769230769231 0.04326923076923077 0.20162259615384615
0 0.6947115384615384 0.6454326923076923 0.03395432692307692 0.11538461538461539
0 0.7487980769230769 0.4963942307692308 0.04567307692307692 0.05048076923076923
0 0.4026442307692308 0.5372596153846154 0.1611328125 0.028846153846153848
0 0.5288461538461539 0.8076923076923077 0.0674579326923077 0.1349158653846154
0 0.7079326923076923 0.7920673076923077 0.011944110576923076 0.07444411057692307
0 0.7764423076923077 0.9230769230769231 0.09142127403846154 0.03831129807692308
0 0.49038461538461536 0.1935096153846154 0.5286959134615384 0.040865384615384616
0 0.9483173076923077 0.1310096153846154 0.036057692307692304 0.03590745192307692