0 0.9471153846153846 0.5024038461538461 0.10561899038461539 0.08188100961538461
0 0.5240384615384616 0.06971153846153846 0.15872896634615385 0.13942307692307693
0 0.2956730769230769 0.10216346153846154 0.17795973557692307 0.0936748798076923
0 0.7860576923076923 0.19230769230769232 0.2645733173076923 0.14911358173076922
0 0.7019230769230769 0.13822115384615385 0.2549579326923077 0.15159254807692307
0 0.9447115384615384 0.9290865384615384 0.10576923076923077 0.03125
0 0.7199519230769231 0.7896634615384616 0.07436899038461539 0.10576923076923077
0 0.6189903846153846 0.8870192307692307 0.11778846153846154 0.08173076923076923
0 0.6057692307692307 0.796875 0.1443810096153846 0.07692307692307693
0 0.4074519230769231 0.3112980769230769 0.06971153846153846 0.012094350961538462
0 0.4483173076923077 0.20793269230769232 0.12732872596153846 0.07211538461538461
0 0.6514423076923077 0.05048076923076923 0.10081129807692307 0.10096153846153846