0 0.7139423076923077 0.125 0.15857872596153846 0.09600360576923077
0 0.5204326923076923 0.03245192307692308 0.040940504807692304 0.06490384615384616
0 0.6995192307692307 0.21754807692307693 0.3653094951923077 0.07451923076923077
0 0.9591346153846154 0.04807692307692308 0.07692307692307693 0.09615384615384616
0 0.8377403846153846 0.3713942307692308 0.05543870192307692 0.1083233173076923
0 0.7139423076923077 0.4266826923076923 0.07211538461538461 0.11057692307692307
0 0.4579326923076923 0.6502403846153846 0.14655949519230768 0.15865384615384615
0 0.8629807692307693 0.7055288461538461 0.09127103365384616 0.11538461538461539
0 0.6430288461538461 0.6550480769230769 0.07692307692307693 0.10329026442307693
0 0.6838942307692307 0.9182692307692307 0.15144230769230768 0.07684795673076923
0 0.8016826923076923 0.5625 0.031099759615384616 0.04326923076923077
0 0.3173076923076923 0.11298076923076923 0.0770733173076923 0.11545973557692307
0 0.38822115384615385 0.2920673076923077 0.19005408653846154 0.0889423076923077
0 0.33413461538461536 0.4254807692307692 0.13934795673076922 0.08173076923076923
0 0.6586538461538461 0.014423076923076924 0.134765625 0.023888221153846152
0 0.4675480769230769 0.19591346153846154 0.014423076923076924 0.019230769230769232
0 0.5769230769230769 0.45552884615384615 0.09134615384615384 0.15632512019230768