0 0.8665865384615384 0.4026442307692308 0.016676682692307692 0.1756310096153846
0 0.9795673076923077 0.609375 0.036057692307692304 0.10336538461538461
0 0.6550480769230769 0.8365384615384616 0.18013822115384615 0.16826923076923078
0 0.44350961538461536 0.24278846153846154 0.23783052884615385 0.10561899038461539
0 0.43509615384615385 0.020432692307692308 0.09127103365384616 0.0361328125
0 0.13221153846153846 0.09134615384615384 0.16338641826923078 0.115234375
0 0.08774038461538461 0.6826923076923077 0.06490384615384616 0.0673828125
0 0.23798076923076922 0.43149038461538464 0.09164663461538461 0.11298076923076923
0 0.9471153846153846 0.8317307692307693 0.10096153846153846 0.019230769230769232
0 0.4567307692307692 0.9170673076923077 0.02869591346153846 0.16346153846153846
0 0.3629807692307692 0.7115384615384616 0.048001802884615384 0.024113581730769232
0 0.1971153846153846 0.8173076923076923 0.019230769230769232 0.057542067307692304
0 0.5084134615384616 0.4423076923076923 0.04807692307692308 0.057542067307692304
0 0.8052884615384616 0.10817307692307693 0.15850360576923078 0.024188701923076924
0 0.5973557692307693 0.039663461538461536 0.0840594951923077 0.06490384615384616