0 0.33413461538461536 0.5240384615384616 0.019230769230769232 0.04319411057692308
0 0.3076923076923077 0.6490384615384616 0.004807692307692308 0.0625
0 0.34134615384615385 0.7848557692307693 0.038461538461538464 0.09375
0 0.44471153846153844 0.6875 0.024188701923076924 0.08646334134615384
0 0.3605769230769231 0.15985576923076922 0.052884615384615384 0.10817307692307693
0 0.40384615384615385 0.05889423076923077 0.13934795673076922 0.0936748798076923
0 0.40384615384615385 0.20072115384615385 0.019230769230769232 0.06475360576923077
0 0.2127403846153846 0.41225961538461536 0.052884615384615384 0.060171274038461536
0 0.4651442307692308 0.5552884615384616 0.0673076923076923 0.1775841346153846
0 0.5600961538461539 0.41346153846153844 0.1249248798076923 0.10591947115384616
0 0.6814903846153846 0.3088942307692308 0.04807692307692308 0.016751802884615384
0 0.6069711538461539 0.3293269230769231 0.10321514423076923 0.057692307692307696
0 0.9254807692307693 0.24759615384615385 0.03365384615384615 0.062424879807692304
0 0.8485576923076923 0.18509615384615385 0.014573317307692308 0.052884615384615384
0 0.6838942307692307 0.6105769230769231 0.040865384615384616 0.09630408653846154
0 0.6225961538461539 0.7764423076923077 0.09134615384615384 0.23527644230769232
0 0.8197115384615384 0.41947115384615385 0.03838641826923077 0.17555588942307693
0 0.5733173076923077 0.03485576923076923 0.19951923076923078 0.05048076923076923
0 0.6862980769230769 0.5084134615384616 0.22355769230769232 0.10817307692307693
0 0.7439903846153846 0.7644230769230769 0.15144230769230768 0.057542067307692304
0 0.39302884615384615 0.6442307692307693 0.07451923076923077 0.1827674278846154
0 0.49399038461538464 0.6899038461538461 0.036057692307692304 0.09607872596153846
0 0.53125 0.6069711538461539 0.057767427884615384 0.06978665865384616
0 0.6899038461538461 0.71875 0.009540264423076924 0.019230769230769232
0 0.7091346153846154 0.6646634615384616 0.014423076923076924 0.04071514423076923
0 0.7319711538461539 0.59375 0.012169471153846154 0.048227163461538464
0 0.5348557692307693 0.24278846153846154 0.04567307692307692 0.009615384615384616
0 0.4411057692307692 0.2247596153846154 0.021634615384615384 0.012094350961538462
0 0.41225961538461536 0.41225961538461536 0.052884615384615384 0.07211538461538461
0 0.9483173076923077 0.359375 0.0673076923076923 0.040865384615384616
0 0.7692307692307693 0.24519230769230768 0.03853665865384615 0.01915564903846154
0 0.7572115384615384 0.20673076923076922 0.062349759615384616 0.03831129807692308
0 0.8161057692307693 0.15625 0.021709735576923076 0.057767427884615384
0 0.8629807692307693 0.8401442307692307 0.08653846153846154 0.04326923076923077
0 0.9543269230769231 0.7752403846153846 0.057767427884615384 0.06971153846153846
0 0.7836538461538461 0.7079326923076923 0.1200420673076923 0.041015625
0 0.16105769230769232 0.6598557692307693 0.19704026442307693 0.17307692307692307
0 0.49278846153846156 0.9411057692307693 0.08158052884615384 0.045823317307692304
0 0.5084134615384616 0.8377403846153846 0.011868990384615384 0.07451923076923077
0 0.5288461538461539 0.7536057692307693 0.01893028846153846 0.06490384615384616
0 0.5769230769230769 0.6454326923076923 0.05784254807692308 0.09134615384615384
0 0.2548076923076923 0.2247596153846154 0.028771033653846152 0.04079026442307692
0 0.3641826923076923 0.24278846153846154 0.01201923076923077 0.019381009615384616
0 0.6826923076923077 0.34975961538461536 0.04815204326923077 0.016751802884615384
0 0.7163461538461539 0.37259615384615385 0.0048828125 0.043344350961538464
0 0.7151442307692307 0.42427884615384615 0.011868990384615384 0.059945913461538464
0 0.8990384615384616 0.75 0.043344350961538464 0.13454026442307693
0 0.5540865384615384 0.9387019230769231 0.007211538461538462 0.06002103365384615
0 0.6778846153846154 0.8858173076923077 0.048001802884615384 0.1346153846153846