0 0.051682692307692304 0.016826923076923076 0.021709735576923076 0.02892127403846154
0 0.05889423076923077 0.10336538461538461 0.007286658653846154 0.01434795673076923
0 0.40865384615384615 0.05048076923076923 0.033578725961538464 0.02403846153846154
0 0.23798076923076922 0.12980769230769232 0.14430588942307693 0.03861177884615385
0 0.1875 0.21634615384615385 0.04326923076923077 0.014423076923076924
0 0.16706730769230768 0.19951923076923078 0.1466346153846154 0.028846153846153848
0 0.35216346153846156 0.36778846153846156 0.057692307692307696 0.09149639423076923
0 0.22956730769230768 0.4098557692307692 0.040940504807692304 0.07692307692307693
0 0.33052884615384615 0.21153846153846154 0.1778846153846154 0.052809495192307696
0 0.025240384615384616 0.5889423076923077 0.05048076923076923 0.019230769230769232
0 0.16706730769230768 0.6382211538461539 0.0625 0.055288461538461536
0 0.3713942307692308 0.6983173076923077 0.07211538461538461 0.04807692307692308
0 0.25961538461538464 0.08533653846153846 0.047926682692307696 0.031174879807692308
0 0.3233173076923077 0.06129807692307692 0.016751802884615384 0.07940204326923077
0 0.4963942307692308 0.03485576923076923 0.059945913461538464 0.06490384615384616
0 0.6141826923076923 0.008413461538461538 0.007211538461538462 0.014423076923076924
0 0.6574519230769231 0.07572115384615384 0.028846153846153848 0.15129206730769232
0 0.5048076923076923 0.27884615384615385 0.019230769230769232 0.028996394230769232
0 0.4014423076923077 0.43990384615384615 0.033804086538461536 0.009690504807692308
0 0.578125 0.38461538461538464 0.11290564903846154 0.02892127403846154
0 0.7403846153846154 0.3161057692307692 0.02403846153846154 0.17067307692307693
0 0.7776442307692307 0.06610576923076923 0.021634615384615384 0.13221153846153846
0 0.9146634615384616 0.08533653846153846 0.011944110576923076 0.16346153846153846
0 0.9230769230769231 0.3701923076923077 0.1153094951923077 0.02892127403846154
0 0.921875 0.2512019230769231 0.007211538461538462 0.036207932692307696
0 0.6502403846153846 0.7632211538461539 0.08909254807692307 0.21634615384615385
0 0.8329326923076923 0.7860576923076923 0.13236177884615385 0.30318509615384615
0 0.9579326923076923 0.2848557692307692 0.016751802884615384 0.25721153846153844
0 0.9591346153846154 0.5600961538461539 0.023963341346153848 0.2931941105769231
0 0.9579326923076923 0.8545673076923077 0.016676682692307692 0.2907151442307692
0 0.671875 0.8485576923076923 0.014423076923076924 0.302734375
0 0.5360576923076923 0.6213942307692307 0.0721905048076923 0.04326923076923077