0 0.3798076923076923 0.3125 0.23106971153846154 0.048227163461538464
0 0.08653846153846154 0.5697115384615384 0.1730018028846154 0.03350360576923077
0 0.02403846153846154 0.34975961538461536 0.019230769230769232 0.20432692307692307
0 0.2692307692307692 0.5096153846153846 0.09127103365384616 0.08661358173076923
0 0.4879807692307692 0.48677884615384615 0.14415564903846154 0.15632512019230768
0 0.37740384615384615 0.5072115384615384 0.057692307692307696 0.023888221153846152
0 0.8449519230769231 0.7896634615384616 0.07925180288461539 0.1971153846153846
0 0.6165865384615384 0.6911057692307693 0.14903846153846154 0.07925180288461539
0 0.6358173076923077 0.9302884615384616 0.14903846153846154 0.08653846153846154
0 0.3088942307692308 0.9591346153846154 0.11778846153846154 0.08165564903846154
0 0.14903846153846154 0.984375 0.03365384615384615 0.026442307692307692
0 0.07932692307692307 0.7728365384615384 0.11057692307692307 0.25232872596153844
0 0.45552884615384615 0.8425480769230769 0.035982572115384616 0.3125